query_file;MergeJoin_node_id;MergeJoin_node_type;MergeJoin_depth;MergeJoin_parent_relationship;MergeJoin_subplan_name;MergeJoin_np;MergeJoin_nt;MergeJoin_nt1;MergeJoin_nt2;MergeJoin_sel;MergeJoin_startup_cost;MergeJoin_total_cost;MergeJoin_plan_width;MergeJoin_reltuples;MergeJoin_parallel_workers;actual_startup_time;actual_total_time;MergeJoin_st1;MergeJoin_rt1;MergeJoin_st2;MergeJoin_rt2;MergeJoin_template;Sort_Outer_node_id;Sort_Outer_node_type;Sort_Outer_depth;Sort_Outer_parent_relationship;Sort_Outer_subplan_name;Sort_Outer_np;Sort_Outer_nt;Sort_Outer_nt1;Sort_Outer_nt2;Sort_Outer_sel;Sort_Outer_startup_cost;Sort_Outer_total_cost;Sort_Outer_plan_width;Sort_Outer_reltuples;Sort_Outer_parallel_workers;Sort_Outer_st1;Sort_Outer_rt1;Sort_Outer_st2;Sort_Outer_rt2;Sort_Outer_template;HashJoin_Outer_node_id;HashJoin_Outer_node_type;HashJoin_Outer_depth;HashJoin_Outer_parent_relationship;HashJoin_Outer_subplan_name;HashJoin_Outer_np;HashJoin_Outer_nt;HashJoin_Outer_nt1;HashJoin_Outer_nt2;HashJoin_Outer_sel;HashJoin_Outer_startup_cost;HashJoin_Outer_total_cost;HashJoin_Outer_plan_width;HashJoin_Outer_reltuples;HashJoin_Outer_parallel_workers;HashJoin_Outer_st1;HashJoin_Outer_rt1;HashJoin_Outer_st2;HashJoin_Outer_rt2;HashJoin_Outer_template;Sort_Inner_node_id;Sort_Inner_node_type;Sort_Inner_depth;Sort_Inner_parent_relationship;Sort_Inner_subplan_name;Sort_Inner_np;Sort_Inner_nt;Sort_Inner_nt1;Sort_Inner_nt2;Sort_Inner_sel;Sort_Inner_startup_cost;Sort_Inner_total_cost;Sort_Inner_plan_width;Sort_Inner_reltuples;Sort_Inner_parallel_workers;Sort_Inner_st1;Sort_Inner_rt1;Sort_Inner_st2;Sort_Inner_rt2;Sort_Inner_template;SeqScan_Outer_node_id;SeqScan_Outer_node_type;SeqScan_Outer_depth;SeqScan_Outer_parent_relationship;SeqScan_Outer_subplan_name;SeqScan_Outer_np;SeqScan_Outer_nt;SeqScan_Outer_nt1;SeqScan_Outer_nt2;SeqScan_Outer_sel;SeqScan_Outer_startup_cost;SeqScan_Outer_total_cost;SeqScan_Outer_plan_width;SeqScan_Outer_reltuples;SeqScan_Outer_parallel_workers;SeqScan_Outer_st1;SeqScan_Outer_rt1;SeqScan_Outer_st2;SeqScan_Outer_rt2;SeqScan_Outer_template
Q18_101_seed_820403100;28842;Merge Join;6;Outer;;0;131527;131527;150000;6.666666666666667e-06;340522.36;343245.24;43;0.0;0;2916.798;2918.745;2866.9;2866.901;63.747;66.231;Q18;28843;Sort;7;Outer;;0;131527;131527;0;1.0;322526.4;322855.22;24;0.0;0;2744.523;2866.892;0.0;0.0;Q18;28844;Hash Join;8;Outer;;0;131527;483871;407734;6.666661317063824e-07;279098.44;311343.31;24;0.0;0;0.234;199.936;2636.797;2636.798;Q18;28849;Sort;7;Inner;;0;150000;150000;0;1.0;17995.95;18370.95;23;0.0;0;0.044;54.531;0.0;0.0;Q18;28850;Seq Scan;8;Outer;;3600;150000;0;0;1.0;0.0;5100.0;23;150000.0;0;0.0;0.0;0.0;0.0;Q18
Q18_102_seed_828607131;28858;Merge Join;6;Outer;;0;131527;131527;150000;6.666666666666667e-06;340522.36;343245.24;43;0.0;0;2916.57;2919.444;2852.107;2852.109;61.668;64.204;Q18;28859;Sort;7;Outer;;0;131527;131527;0;1.0;322526.4;322855.22;24;0.0;0;2728.894;2852.091;0.0;0.0;Q18;28860;Hash Join;8;Outer;;0;131527;483871;407734;6.666661317063824e-07;279098.44;311343.31;24;0.0;0;0.196;202.019;2621.698;2621.699;Q18;28865;Sort;7;Inner;;0;150000;150000;0;1.0;17995.95;18370.95;23;0.0;0;0.081;51.898;0.0;0.0;Q18;28866;Seq Scan;8;Outer;;3600;150000;0;0;1.0;0.0;5100.0;23;150000.0;0;0.0;0.0;0.0;0.0;Q18
Q18_103_seed_836811162;28874;Merge Join;6;Outer;;0;131527;131527;150000;6.666666666666667e-06;340522.36;343245.24;43;0.0;0;2920.543;2923.258;2851.937;2851.939;65.041;67.632;Q18;28875;Sort;7;Outer;;0;131527;131527;0;1.0;322526.4;322855.22;24;0.0;0;2731.915;2851.922;0.0;0.0;Q18;28876;Hash Join;8;Outer;;0;131527;483871;407734;6.666661317063824e-07;279098.44;311343.31;24;0.0;0;0.214;185.633;2636.152;2636.152;Q18;28881;Sort;7;Inner;;0;150000;150000;0;1.0;17995.95;18370.95;23;0.0;0;0.038;54.229;0.0;0.0;Q18;28882;Seq Scan;8;Outer;;3600;150000;0;0;1.0;0.0;5100.0;23;150000.0;0;0.0;0.0;0.0;0.0;Q18
Q18_105_seed_853219224;28906;Merge Join;6;Outer;;0;131527;131527;150000;6.666666666666667e-06;340522.36;343245.24;43;0.0;0;2884.83;2887.236;2837.284;2837.285;61.219;63.718;Q18;28907;Sort;7;Outer;;0;131527;131527;0;1.0;322526.4;322855.22;24;0.0;0;2724.998;2837.274;0.0;0.0;Q18;28908;Hash Join;8;Outer;;0;131527;483871;407734;6.666661317063824e-07;279098.44;311343.31;24;0.0;0;0.232;197.182;2610.13;2610.13;Q18;28913;Sort;7;Inner;;0;150000;150000;0;1.0;17995.95;18370.95;23;0.0;0;0.043;52.189;0.0;0.0;Q18;28914;Seq Scan;8;Outer;;3600;150000;0;0;1.0;0.0;5100.0;23;150000.0;0;0.0;0.0;0.0;0.0;Q18
Q18_106_seed_861423255;28922;Merge Join;6;Outer;;0;131527;131527;150000;6.666666666666667e-06;340522.36;343245.24;43;0.0;0;2909.347;2911.427;2839.568;2839.57;65.838;68.527;Q18;28923;Sort;7;Outer;;0;131527;131527;0;1.0;322526.4;322855.22;24;0.0;0;2695.605;2839.557;0.0;0.0;Q18;28924;Hash Join;8;Outer;;0;131527;483871;407734;6.666661317063824e-07;279098.44;311343.31;24;0.0;0;0.27;187.351;2621.346;2621.347;Q18;28929;Sort;7;Inner;;0;150000;150000;0;1.0;17995.95;18370.95;23;0.0;0;0.052;55.038;0.0;0.0;Q18;28930;Seq Scan;8;Outer;;3600;150000;0;0;1.0;0.0;5100.0;23;150000.0;0;0.0;0.0;0.0;0.0;Q18
Q18_107_seed_869627286;28938;Merge Join;6;Outer;;0;131527;131527;150000;6.666666666666667e-06;340522.36;343245.24;43;0.0;0;2905.592;2908.029;2853.898;2853.899;66.329;69.241;Q18;28939;Sort;7;Outer;;0;131527;131527;0;1.0;322526.4;322855.22;24;0.0;0;2735.378;2853.887;0.0;0.0;Q18;28940;Hash Join;8;Outer;;0;131527;483871;407734;6.666661317063824e-07;279098.44;311343.31;24;0.0;0;0.217;193.606;2631.781;2631.781;Q18;28945;Sort;7;Inner;;0;150000;150000;0;1.0;17995.95;18370.95;23;0.0;0;0.124;56.392;0.0;0.0;Q18;28946;Seq Scan;8;Outer;;3600;150000;0;0;1.0;0.0;5100.0;23;150000.0;0;0.0;0.0;0.0;0.0;Q18
Q18_108_seed_877831317;28954;Merge Join;6;Outer;;0;131527;131527;150000;6.666666666666667e-06;340522.36;343245.24;43;0.0;0;2886.259;2887.969;2820.583;2820.585;63.159;65.087;Q18;28955;Sort;7;Outer;;0;131527;131527;0;1.0;322526.4;322855.22;24;0.0;0;2685.642;2820.574;0.0;0.0;Q18;28956;Hash Join;8;Outer;;0;131527;483871;407734;6.666661317063824e-07;279098.44;311343.31;24;0.0;0;0.197;188.131;2602.466;2602.466;Q18;28961;Sort;7;Inner;;0;150000;150000;0;1.0;17995.95;18370.95;23;0.0;0;0.052;53.338;0.0;0.0;Q18;28962;Seq Scan;8;Outer;;3600;150000;0;0;1.0;0.0;5100.0;23;150000.0;0;0.0;0.0;0.0;0.0;Q18
Q18_10_seed_73836279;28986;Merge Join;6;Outer;;0;131527;131527;150000;6.666666666666667e-06;340522.36;343245.24;43;0.0;0;2883.865;2886.124;2836.123;2836.124;60.911;63.492;Q18;28987;Sort;7;Outer;;0;131527;131527;0;1.0;322526.4;322855.22;24;0.0;0;2730.745;2836.112;0.0;0.0;Q18;28988;Hash Join;8;Outer;;0;131527;483871;407734;6.666661317063824e-07;279098.44;311343.31;24;0.0;0;0.205;209.232;2598.563;2598.563;Q18;28993;Sort;7;Inner;;0;150000;150000;0;1.0;17995.95;18370.95;23;0.0;0;0.097;51.8;0.0;0.0;Q18;28994;Seq Scan;8;Outer;;3600;150000;0;0;1.0;0.0;5100.0;23;150000.0;0;0.0;0.0;0.0;0.0;Q18
Q18_113_seed_918851472;29050;Merge Join;6;Outer;;0;131527;131527;150000;6.666666666666667e-06;340522.36;343245.24;43;0.0;0;2917.482;2919.509;2867.801;2867.802;63.643;66.1;Q18;29051;Sort;7;Outer;;0;131527;131527;0;1.0;322526.4;322855.22;24;0.0;0;2755.233;2867.789;0.0;0.0;Q18;29052;Hash Join;8;Outer;;0;131527;483871;407734;6.666661317063824e-07;279098.44;311343.31;24;0.0;0;0.239;190.336;2646.285;2646.285;Q18;29057;Sort;7;Inner;;0;150000;150000;0;1.0;17995.95;18370.95;23;0.0;0;0.055;54.496;0.0;0.0;Q18;29058;Seq Scan;8;Outer;;3600;150000;0;0;1.0;0.0;5100.0;23;150000.0;0;0.0;0.0;0.0;0.0;Q18
Q18_114_seed_927055503;29066;Merge Join;6;Outer;;0;131527;131527;150000;6.666666666666667e-06;340522.36;343245.24;43;0.0;0;2900.69;2903.277;2831.94;2831.942;66.17;68.551;Q18;29067;Sort;7;Outer;;0;131527;131527;0;1.0;322526.4;322855.22;24;0.0;0;2683.821;2831.93;0.0;0.0;Q18;29068;Hash Join;8;Outer;;0;131527;483871;407734;6.666661317063824e-07;279098.44;311343.31;24;0.0;0;0.207;199.441;2605.665;2605.665;Q18;29073;Sort;7;Inner;;0;150000;150000;0;1.0;17995.95;18370.95;23;0.0;0;0.048;55.282;0.0;0.0;Q18;29074;Seq Scan;8;Outer;;3600;150000;0;0;1.0;0.0;5100.0;23;150000.0;0;0.0;0.0;0.0;0.0;Q18
Q18_115_seed_935259534;29082;Merge Join;6;Outer;;0;131527;131527;150000;6.666666666666667e-06;340522.36;343245.24;43;0.0;0;2941.43;2944.417;2894.77;2894.771;60.621;63.188;Q18;29083;Sort;7;Outer;;0;131527;131527;0;1.0;322526.4;322855.22;24;0.0;0;2809.45;2894.761;0.0;0.0;Q18;29084;Hash Join;8;Outer;;0;131527;483871;407734;6.666661317063824e-07;279098.44;311343.31;24;0.0;0;0.272;196.442;2670.267;2670.267;Q18;29089;Sort;7;Inner;;0;150000;150000;0;1.0;17995.95;18370.95;23;0.0;0;0.087;51.491;0.0;0.0;Q18;29090;Seq Scan;8;Outer;;3600;150000;0;0;1.0;0.0;5100.0;23;150000.0;0;0.0;0.0;0.0;0.0;Q18
Q18_116_seed_943463565;29098;Merge Join;6;Outer;;0;131527;131527;150000;6.666666666666667e-06;340522.36;343245.24;43;0.0;0;2913.176;2915.651;2840.708;2840.71;69.317;71.745;Q18;29099;Sort;7;Outer;;0;131527;131527;0;1.0;322526.4;322855.22;24;0.0;0;2692.361;2840.698;0.0;0.0;Q18;29100;Hash Join;8;Outer;;0;131527;483871;407734;6.666661317063824e-07;279098.44;311343.31;24;0.0;0;0.21;201.636;2609.597;2609.597;Q18;29105;Sort;7;Inner;;0;150000;150000;0;1.0;17995.95;18370.95;23;0.0;0;0.044;58.235;0.0;0.0;Q18;29106;Seq Scan;8;Outer;;3600;150000;0;0;1.0;0.0;5100.0;23;150000.0;0;0.0;0.0;0.0;0.0;Q18
Q18_119_seed_968075658;29146;Merge Join;6;Outer;;0;131527;131527;150000;6.666666666666667e-06;340522.36;343245.24;43;0.0;0;2884.216;2886.404;2836.068;2836.069;61.901;64.262;Q18;29147;Sort;7;Outer;;0;131527;131527;0;1.0;322526.4;322855.22;24;0.0;0;2771.26;2836.057;0.0;0.0;Q18;29148;Hash Join;8;Outer;;0;131527;483871;407734;6.666661317063824e-07;279098.44;311343.31;24;0.0;0;0.214;192.354;2612.722;2612.723;Q18;29153;Sort;7;Inner;;0;150000;150000;0;1.0;17995.95;18370.95;23;0.0;0;0.04;51.301;0.0;0.0;Q18;29154;Seq Scan;8;Outer;;3600;150000;0;0;1.0;0.0;5100.0;23;150000.0;0;0.0;0.0;0.0;0.0;Q18
Q18_11_seed_82040310;29162;Merge Join;6;Outer;;0;131527;131527;150000;6.666666666666667e-06;340522.36;343245.24;43;0.0;0;2881.964;2884.911;2816.196;2816.198;63.377;65.805;Q18;29163;Sort;7;Outer;;0;131527;131527;0;1.0;322526.4;322855.22;24;0.0;0;2678.775;2816.168;0.0;0.0;Q18;29164;Hash Join;8;Outer;;0;131527;483871;407734;6.666661317063824e-07;279098.44;311343.31;24;0.0;0;0.21;197.118;2589.584;2589.584;Q18;29169;Sort;7;Inner;;0;150000;150000;0;1.0;17995.95;18370.95;23;0.0;0;0.056;53.803;0.0;0.0;Q18;29170;Seq Scan;8;Outer;;3600;150000;0;0;1.0;0.0;5100.0;23;150000.0;0;0.0;0.0;0.0;0.0;Q18
Q18_121_seed_984483720;29194;Merge Join;6;Outer;;0;131527;131527;150000;6.666666666666667e-06;340522.36;343245.24;43;0.0;0;2867.707;2869.839;2793.769;2793.77;70.101;72.618;Q18;29195;Sort;7;Outer;;0;131527;131527;0;1.0;322526.4;322855.22;24;0.0;0;2651.424;2793.759;0.0;0.0;Q18;29196;Hash Join;8;Outer;;0;131527;483871;407734;6.666661317063824e-07;279098.44;311343.31;24;0.0;0;0.233;190.016;2574.936;2574.936;Q18;29201;Sort;7;Inner;;0;150000;150000;0;1.0;17995.95;18370.95;23;0.0;0;0.072;58.839;0.0;0.0;Q18;29202;Seq Scan;8;Outer;;3600;150000;0;0;1.0;0.0;5100.0;23;150000.0;0;0.0;0.0;0.0;0.0;Q18
Q18_122_seed_992687751;29210;Merge Join;6;Outer;;0;131527;131527;150000;6.666666666666667e-06;340522.36;343245.24;43;0.0;0;2892.073;2894.265;2825.67;2825.672;63.074;65.584;Q18;29211;Sort;7;Outer;;0;131527;131527;0;1.0;322526.4;322855.22;24;0.0;0;2701.309;2825.66;0.0;0.0;Q18;29212;Hash Join;8;Outer;;0;131527;483871;407734;6.666661317063824e-07;279098.44;311343.31;24;0.0;0;0.312;198.303;2599.24;2599.24;Q18;29217;Sort;7;Inner;;0;150000;150000;0;1.0;17995.95;18370.95;23;0.0;0;0.045;52.907;0.0;0.0;Q18;29218;Seq Scan;8;Outer;;3600;150000;0;0;1.0;0.0;5100.0;23;150000.0;0;0.0;0.0;0.0;0.0;Q18
Q18_123_seed_1000891782;29226;Merge Join;6;Outer;;0;131527;131527;150000;6.666666666666667e-06;340522.36;343245.24;43;0.0;0;2955.697;2958.659;2891.785;2891.786;61.44;63.913;Q18;29227;Sort;7;Outer;;0;131527;131527;0;1.0;322526.4;322855.22;24;0.0;0;2760.647;2891.774;0.0;0.0;Q18;29228;Hash Join;8;Outer;;0;131527;483871;407734;6.666661317063824e-07;279098.44;311343.31;24;0.0;0;0.198;190.024;2671.796;2671.797;Q18;29233;Sort;7;Inner;;0;150000;150000;0;1.0;17995.95;18370.95;23;0.0;0;0.039;51.795;0.0;0.0;Q18;29234;Seq Scan;8;Outer;;3600;150000;0;0;1.0;0.0;5100.0;23;150000.0;0;0.0;0.0;0.0;0.0;Q18
Q18_125_seed_1017299844;29258;Merge Join;6;Outer;;0;131527;131527;150000;6.666666666666667e-06;340522.36;343245.24;43;0.0;0;2916.142;2918.034;2848.263;2848.264;65.381;67.375;Q18;29259;Sort;7;Outer;;0;131527;131527;0;1.0;322526.4;322855.22;24;0.0;0;2722.879;2848.252;0.0;0.0;Q18;29260;Hash Join;8;Outer;;0;131527;483871;407734;6.666661317063824e-07;279098.44;311343.31;24;0.0;0;0.29;192.326;2627.514;2627.514;Q18;29265;Sort;7;Inner;;0;150000;150000;0;1.0;17995.95;18370.95;23;0.0;0;0.047;53.647;0.0;0.0;Q18;29266;Seq Scan;8;Outer;;3600;150000;0;0;1.0;0.0;5100.0;23;150000.0;0;0.0;0.0;0.0;0.0;Q18
Q18_126_seed_1025503875;29274;Merge Join;6;Outer;;0;131527;131527;150000;6.666666666666667e-06;340522.36;343245.24;43;0.0;0;2903.242;2906.144;2837.464;2837.466;63.267;65.744;Q18;29275;Sort;7;Outer;;0;131527;131527;0;1.0;322526.4;322855.22;24;0.0;0;2707.516;2837.453;0.0;0.0;Q18;29276;Hash Join;8;Outer;;0;131527;483871;407734;6.666661317063824e-07;279098.44;311343.31;24;0.0;0;0.205;200.646;2605.123;2605.124;Q18;29281;Sort;7;Inner;;0;150000;150000;0;1.0;17995.95;18370.95;23;0.0;0;0.052;53.743;0.0;0.0;Q18;29282;Seq Scan;8;Outer;;3600;150000;0;0;1.0;0.0;5100.0;23;150000.0;0;0.0;0.0;0.0;0.0;Q18
Q18_12_seed_90244341;29338;Merge Join;6;Outer;;0;131527;131527;150000;6.666666666666667e-06;340522.36;343245.24;43;0.0;0;2894.867;2896.923;2827.676;2827.677;63.664;66.106;Q18;29339;Sort;7;Outer;;0;131527;131527;0;1.0;322526.4;322855.22;24;0.0;0;2686.411;2827.664;0.0;0.0;Q18;29340;Hash Join;8;Outer;;0;131527;483871;407734;6.666661317063824e-07;279098.44;311343.31;24;0.0;0;0.233;193.798;2602.915;2602.915;Q18;29345;Sort;7;Inner;;0;150000;150000;0;1.0;17995.95;18370.95;23;0.0;0;0.038;52.569;0.0;0.0;Q18;29346;Seq Scan;8;Outer;;3600;150000;0;0;1.0;0.0;5100.0;23;150000.0;0;0.0;0.0;0.0;0.0;Q18
Q18_130_seed_1058319999;29354;Merge Join;6;Outer;;0;131527;131527;150000;6.666666666666667e-06;340522.36;343245.24;43;0.0;0;2899.315;2901.741;2834.984;2834.985;61.889;64.125;Q18;29355;Sort;7;Outer;;0;131527;131527;0;1.0;322526.4;322855.22;24;0.0;0;2686.209;2834.972;0.0;0.0;Q18;29356;Hash Join;8;Outer;;0;131527;483871;407734;6.666661317063824e-07;279098.44;311343.31;24;0.0;0;0.228;195.797;2611.036;2611.036;Q18;29361;Sort;7;Inner;;0;150000;150000;0;1.0;17995.95;18370.95;23;0.0;0;0.036;52.404;0.0;0.0;Q18;29362;Seq Scan;8;Outer;;3600;150000;0;0;1.0;0.0;5100.0;23;150000.0;0;0.0;0.0;0.0;0.0;Q18
Q18_132_seed_1074728061;29386;Merge Join;6;Outer;;0;131527;131527;150000;6.666666666666667e-06;340522.36;343245.24;43;0.0;0;2890.889;2892.782;2842.387;2842.388;62.959;64.885;Q18;29387;Sort;7;Outer;;0;131527;131527;0;1.0;322526.4;322855.22;24;0.0;0;2754.844;2842.374;0.0;0.0;Q18;29388;Hash Join;8;Outer;;0;131527;483871;407734;6.666661317063824e-07;279098.44;311343.31;24;0.0;0;0.209;189.352;2622.142;2622.142;Q18;29393;Sort;7;Inner;;0;150000;150000;0;1.0;17995.95;18370.95;23;0.0;0;0.06;53.745;0.0;0.0;Q18;29394;Seq Scan;8;Outer;;3600;150000;0;0;1.0;0.0;5100.0;23;150000.0;0;0.0;0.0;0.0;0.0;Q18
Q18_134_seed_1091136123;29418;Merge Join;6;Outer;;0;131527;131527;150000;6.666666666666667e-06;340522.36;343245.24;43;0.0;0;2901.867;2904.369;2830.948;2830.95;68.402;70.696;Q18;29419;Sort;7;Outer;;0;131527;131527;0;1.0;322526.4;322855.22;24;0.0;0;2689.689;2830.936;0.0;0.0;Q18;29420;Hash Join;8;Outer;;0;131527;483871;407734;6.666661317063824e-07;279098.44;311343.31;24;0.0;0;0.199;187.554;2613.15;2613.15;Q18;29425;Sort;7;Inner;;0;150000;150000;0;1.0;17995.95;18370.95;23;0.0;0;0.075;58.855;0.0;0.0;Q18;29426;Seq Scan;8;Outer;;3600;150000;0;0;1.0;0.0;5100.0;23;150000.0;0;0.0;0.0;0.0;0.0;Q18
Q18_135_seed_1099340154;29434;Merge Join;6;Outer;;0;131527;131527;150000;6.666666666666667e-06;340522.36;343245.24;43;0.0;0;2973.309;2976.013;2922.149;2922.151;66.718;69.073;Q18;29435;Sort;7;Outer;;0;131527;131527;0;1.0;322526.4;322855.22;24;0.0;0;2831.238;2922.14;0.0;0.0;Q18;29436;Hash Join;8;Outer;;0;131527;483871;407734;6.666661317063824e-07;279098.44;311343.31;24;0.0;0;0.192;202.623;2690.081;2690.081;Q18;29441;Sort;7;Inner;;0;150000;150000;0;1.0;17995.95;18370.95;23;0.0;0;0.054;57.053;0.0;0.0;Q18;29442;Seq Scan;8;Outer;;3600;150000;0;0;1.0;0.0;5100.0;23;150000.0;0;0.0;0.0;0.0;0.0;Q18
Q18_136_seed_1107544185;29450;Merge Join;6;Outer;;0;131527;131527;150000;6.666666666666667e-06;340522.36;343245.24;43;0.0;0;2892.14;2894.532;2844.705;2844.707;60.933;63.456;Q18;29451;Sort;7;Outer;;0;131527;131527;0;1.0;322526.4;322855.22;24;0.0;0;2722.946;2844.695;0.0;0.0;Q18;29452;Hash Join;8;Outer;;0;131527;483871;407734;6.666661317063824e-07;279098.44;311343.31;24;0.0;0;0.237;195.053;2620.375;2620.375;Q18;29457;Sort;7;Inner;;0;150000;150000;0;1.0;17995.95;18370.95;23;0.0;0;0.056;51.773;0.0;0.0;Q18;29458;Seq Scan;8;Outer;;3600;150000;0;0;1.0;0.0;5100.0;23;150000.0;0;0.0;0.0;0.0;0.0;Q18
Q18_138_seed_1123952247;29482;Merge Join;6;Outer;;0;131527;131527;150000;6.666666666666667e-06;340522.36;343245.24;43;0.0;0;2888.654;2890.67;2839.37;2839.371;63.052;65.534;Q18;29483;Sort;7;Outer;;0;131527;131527;0;1.0;322526.4;322855.22;24;0.0;0;2720.997;2839.362;0.0;0.0;Q18;29484;Hash Join;8;Outer;;0;131527;483871;407734;6.666661317063824e-07;279098.44;311343.31;24;0.0;0;0.208;195.113;2615.767;2615.767;Q18;29489;Sort;7;Inner;;0;150000;150000;0;1.0;17995.95;18370.95;23;0.0;0;0.027;54.218;0.0;0.0;Q18;29490;Seq Scan;8;Outer;;3600;150000;0;0;1.0;0.0;5100.0;23;150000.0;0;0.0;0.0;0.0;0.0;Q18
Q18_139_seed_1132156278;29498;Merge Join;6;Outer;;0;131527;131527;150000;6.666666666666667e-06;340522.36;343245.24;43;0.0;0;2882.667;2885.234;2814.907;2814.909;64.479;67.304;Q18;29499;Sort;7;Outer;;0;131527;131527;0;1.0;322526.4;322855.22;24;0.0;0;2681.617;2814.897;0.0;0.0;Q18;29500;Hash Join;8;Outer;;0;131527;483871;407734;6.666661317063824e-07;279098.44;311343.31;24;0.0;0;0.193;186.126;2599.028;2599.028;Q18;29505;Sort;7;Inner;;0;150000;150000;0;1.0;17995.95;18370.95;23;0.0;0;0.033;53.423;0.0;0.0;Q18;29506;Seq Scan;8;Outer;;3600;150000;0;0;1.0;0.0;5100.0;23;150000.0;0;0.0;0.0;0.0;0.0;Q18
Q18_13_seed_98448372;29514;Merge Join;6;Outer;;0;131527;131527;150000;6.666666666666667e-06;340522.36;343245.24;43;0.0;0;2900.675;2902.815;2834.196;2834.198;63.124;65.604;Q18;29515;Sort;7;Outer;;0;131527;131527;0;1.0;322526.4;322855.22;24;0.0;0;2692.523;2834.186;0.0;0.0;Q18;29516;Hash Join;8;Outer;;0;131527;483871;407734;6.666661317063824e-07;279098.44;311343.31;24;0.0;0;0.216;198.219;2605.931;2605.932;Q18;29521;Sort;7;Inner;;0;150000;150000;0;1.0;17995.95;18370.95;23;0.0;0;0.04;53.827;0.0;0.0;Q18;29522;Seq Scan;8;Outer;;3600;150000;0;0;1.0;0.0;5100.0;23;150000.0;0;0.0;0.0;0.0;0.0;Q18
Q18_140_seed_1140360309;29530;Merge Join;6;Outer;;0;131527;131527;150000;6.666666666666667e-06;340522.36;343245.24;43;0.0;0;2904.35;2906.722;2839.111;2839.112;62.725;64.918;Q18;29531;Sort;7;Outer;;0;131527;131527;0;1.0;322526.4;322855.22;24;0.0;0;2713.758;2839.101;0.0;0.0;Q18;29532;Hash Join;8;Outer;;0;131527;483871;407734;6.666661317063824e-07;279098.44;311343.31;24;0.0;0;0.236;191.506;2615.005;2615.005;Q18;29537;Sort;7;Inner;;0;150000;150000;0;1.0;17995.95;18370.95;23;0.0;0;0.055;52.795;0.0;0.0;Q18;29538;Seq Scan;8;Outer;;3600;150000;0;0;1.0;0.0;5100.0;23;150000.0;0;0.0;0.0;0.0;0.0;Q18
Q18_143_seed_1164972402;29578;Merge Join;6;Outer;;0;131527;131527;150000;6.666666666666667e-06;340522.36;343245.24;43;0.0;0;2909.023;2910.78;2840.334;2840.335;66.453;68.287;Q18;29579;Sort;7;Outer;;0;131527;131527;0;1.0;322526.4;322855.22;24;0.0;0;2727.389;2840.325;0.0;0.0;Q18;29580;Hash Join;8;Outer;;0;131527;483871;407734;6.666661317063824e-07;279098.44;311343.31;24;0.0;0;0.215;194.637;2616.981;2616.982;Q18;29585;Sort;7;Inner;;0;150000;150000;0;1.0;17995.95;18370.95;23;0.0;0;0.053;55.275;0.0;0.0;Q18;29586;Seq Scan;8;Outer;;3600;150000;0;0;1.0;0.0;5100.0;23;150000.0;0;0.0;0.0;0.0;0.0;Q18
Q18_144_seed_1173176433;29594;Merge Join;6;Outer;;0;131527;131527;150000;6.666666666666667e-06;340522.36;343245.24;43;0.0;0;2925.777;2927.496;2859.751;2859.753;63.256;65.284;Q18;29595;Sort;7;Outer;;0;131527;131527;0;1.0;322526.4;322855.22;24;0.0;0;2735.023;2859.74;0.0;0.0;Q18;29596;Hash Join;8;Outer;;0;131527;483871;407734;6.666661317063824e-07;279098.44;311343.31;24;0.0;0;0.224;189.35;2641.833;2641.833;Q18;29601;Sort;7;Inner;;0;150000;150000;0;1.0;17995.95;18370.95;23;0.0;0;0.062;53.824;0.0;0.0;Q18;29602;Seq Scan;8;Outer;;3600;150000;0;0;1.0;0.0;5100.0;23;150000.0;0;0.0;0.0;0.0;0.0;Q18
Q18_145_seed_1181380464;29610;Merge Join;6;Outer;;0;131527;131527;150000;6.666666666666667e-06;340522.36;343245.24;43;0.0;0;2920.664;2923.396;2855.945;2855.946;62.316;64.688;Q18;29611;Sort;7;Outer;;0;131527;131527;0;1.0;322526.4;322855.22;24;0.0;0;2741.234;2855.933;0.0;0.0;Q18;29612;Hash Join;8;Outer;;0;131527;483871;407734;6.666661317063824e-07;279098.44;311343.31;24;0.0;0;0.226;190.539;2633.75;2633.751;Q18;29617;Sort;7;Inner;;0;150000;150000;0;1.0;17995.95;18370.95;23;0.0;0;0.454;53.024;0.0;0.0;Q18;29618;Seq Scan;8;Outer;;3600;150000;0;0;1.0;0.0;5100.0;23;150000.0;0;0.0;0.0;0.0;0.0;Q18
Q18_147_seed_1197788526;29642;Merge Join;6;Outer;;0;131527;131527;150000;6.666666666666667e-06;340522.36;343245.24;43;0.0;0;2918.03;2921.125;2848.461;2848.462;64.823;68.769;Q18;29643;Sort;7;Outer;;0;131527;131527;0;1.0;322526.4;322855.22;24;0.0;0;2704.84;2848.45;0.0;0.0;Q18;29644;Hash Join;8;Outer;;0;131527;483871;407734;6.666661317063824e-07;279098.44;311343.31;24;0.0;0;0.237;193.927;2622.723;2622.723;Q18;29649;Sort;7;Inner;;0;150000;150000;0;1.0;17995.95;18370.95;23;0.0;0;0.045;54.112;0.0;0.0;Q18;29650;Seq Scan;8;Outer;;3600;150000;0;0;1.0;0.0;5100.0;23;150000.0;0;0.0;0.0;0.0;0.0;Q18
Q18_148_seed_1205992557;29658;Merge Join;6;Outer;;0;131527;131527;150000;6.666666666666667e-06;340522.36;343245.24;43;0.0;0;2909.686;2912.092;2844.321;2844.322;62.322;64.848;Q18;29659;Sort;7;Outer;;0;131527;131527;0;1.0;322526.4;322855.22;24;0.0;0;2693.99;2844.31;0.0;0.0;Q18;29660;Hash Join;8;Outer;;0;131527;483871;407734;6.666661317063824e-07;279098.44;311343.31;24;0.0;0;0.21;202.662;2613.057;2613.057;Q18;29665;Sort;7;Inner;;0;150000;150000;0;1.0;17995.95;18370.95;23;0.0;0;0.078;53.337;0.0;0.0;Q18;29666;Seq Scan;8;Outer;;3600;150000;0;0;1.0;0.0;5100.0;23;150000.0;0;0.0;0.0;0.0;0.0;Q18
Q18_149_seed_1214196588;29674;Merge Join;6;Outer;;0;131527;131527;150000;6.666666666666667e-06;340522.36;343245.24;43;0.0;0;2911.485;2913.651;2842.62;2842.621;64.806;67.942;Q18;29675;Sort;7;Outer;;0;131527;131527;0;1.0;322526.4;322855.22;24;0.0;0;2722.723;2842.609;0.0;0.0;Q18;29676;Hash Join;8;Outer;;0;131527;483871;407734;6.666661317063824e-07;279098.44;311343.31;24;0.0;0;0.22;184.531;2626.746;2626.747;Q18;29681;Sort;7;Inner;;0;150000;150000;0;1.0;17995.95;18370.95;23;0.0;0;0.048;54.502;0.0;0.0;Q18;29682;Seq Scan;8;Outer;;3600;150000;0;0;1.0;0.0;5100.0;23;150000.0;0;0.0;0.0;0.0;0.0;Q18
Q18_17_seed_131264496;29754;Merge Join;6;Outer;;0;131527;131527;150000;6.666666666666667e-06;340522.36;343245.24;43;0.0;0;2874.801;2878.077;2807.755;2807.756;64.259;67.203;Q18;29755;Sort;7;Outer;;0;131527;131527;0;1.0;322526.4;322855.22;24;0.0;0;2670.965;2807.744;0.0;0.0;Q18;29756;Hash Join;8;Outer;;0;131527;483871;407734;6.666661317063824e-07;279098.44;311343.31;24;0.0;0;0.245;189.305;2589.05;2589.05;Q18;29761;Sort;7;Inner;;0;150000;150000;0;1.0;17995.95;18370.95;23;0.0;0;0.054;53.708;0.0;0.0;Q18;29762;Seq Scan;8;Outer;;3600;150000;0;0;1.0;0.0;5100.0;23;150000.0;0;0.0;0.0;0.0;0.0;Q18
Q18_19_seed_147672558;29786;Merge Join;6;Outer;;0;131527;131527;150000;6.666666666666667e-06;340522.36;343245.24;43;0.0;0;2889.5;2891.596;2841.952;2841.953;61.169;63.477;Q18;29787;Sort;7;Outer;;0;131527;131527;0;1.0;322526.4;322855.22;24;0.0;0;2723.867;2841.938;0.0;0.0;Q18;29788;Hash Join;8;Outer;;0;131527;483871;407734;6.666661317063824e-07;279098.44;311343.31;24;0.0;0;0.23;192.878;2618.19;2618.191;Q18;29793;Sort;7;Inner;;0;150000;150000;0;1.0;17995.95;18370.95;23;0.0;0;0.607;52.5;0.0;0.0;Q18;29794;Seq Scan;8;Outer;;3600;150000;0;0;1.0;0.0;5100.0;23;150000.0;0;0.0;0.0;0.0;0.0;Q18
Q18_1_seed_0101000000;29802;Merge Join;6;Outer;;0;131527;131527;150000;6.666666666666667e-06;340522.36;343245.24;43;0.0;0;2921.204;2923.628;2854.96;2854.961;63.243;65.726;Q18;29803;Sort;7;Outer;;0;131527;131527;0;1.0;322526.4;322855.22;24;0.0;0;2717.174;2854.95;0.0;0.0;Q18;29804;Hash Join;8;Outer;;0;131527;483871;407734;6.666661317063824e-07;279098.44;311343.31;24;0.0;0;0.226;187.167;2635.897;2635.898;Q18;29809;Sort;7;Inner;;0;150000;150000;0;1.0;17995.95;18370.95;23;0.0;0;0.055;54.043;0.0;0.0;Q18;29810;Seq Scan;8;Outer;;3600;150000;0;0;1.0;0.0;5100.0;23;150000.0;0;0.0;0.0;0.0;0.0;Q18
Q18_20_seed_155876589;29818;Merge Join;6;Outer;;0;131527;131527;150000;6.666666666666667e-06;340522.36;343245.24;43;0.0;0;2901.677;2903.741;2836.05;2836.051;62.344;64.792;Q18;29819;Sort;7;Outer;;0;131527;131527;0;1.0;322526.4;322855.22;24;0.0;0;2697.612;2836.04;0.0;0.0;Q18;29820;Hash Join;8;Outer;;0;131527;483871;407734;6.666661317063824e-07;279098.44;311343.31;24;0.0;0;0.21;188.425;2618.358;2618.359;Q18;29825;Sort;7;Inner;;0;150000;150000;0;1.0;17995.95;18370.95;23;0.0;0;0.145;52.794;0.0;0.0;Q18;29826;Seq Scan;8;Outer;;3600;150000;0;0;1.0;0.0;5100.0;23;150000.0;0;0.0;0.0;0.0;0.0;Q18
Q18_21_seed_164080620;29834;Merge Join;6;Outer;;0;131527;131527;150000;6.666666666666667e-06;340522.36;343245.24;43;0.0;0;2895.135;2897.11;2829.25;2829.251;62.795;65.078;Q18;29835;Sort;7;Outer;;0;131527;131527;0;1.0;322526.4;322855.22;24;0.0;0;2698.483;2829.239;0.0;0.0;Q18;29836;Hash Join;8;Outer;;0;131527;483871;407734;6.666661317063824e-07;279098.44;311343.31;24;0.0;0;0.214;197.735;2600.752;2600.752;Q18;29841;Sort;7;Inner;;0;150000;150000;0;1.0;17995.95;18370.95;23;0.0;0;0.05;52.984;0.0;0.0;Q18;29842;Seq Scan;8;Outer;;3600;150000;0;0;1.0;0.0;5100.0;23;150000.0;0;0.0;0.0;0.0;0.0;Q18
Q18_23_seed_180488682;29866;Merge Join;6;Outer;;0;131527;131527;150000;6.666666666666667e-06;340522.36;343245.24;43;0.0;0;2906.898;2908.114;2838.784;2838.785;64.682;66.739;Q18;29867;Sort;7;Outer;;0;131527;131527;0;1.0;322526.4;322855.22;24;0.0;0;2719.017;2838.773;0.0;0.0;Q18;29868;Hash Join;8;Outer;;0;131527;483871;407734;6.666661317063824e-07;279098.44;311343.31;24;0.0;0;0.29;188.212;2620.365;2620.365;Q18;29873;Sort;7;Inner;;0;150000;150000;0;1.0;17995.95;18370.95;23;0.0;0;0.058;55.342;0.0;0.0;Q18;29874;Seq Scan;8;Outer;;3600;150000;0;0;1.0;0.0;5100.0;23;150000.0;0;0.0;0.0;0.0;0.0;Q18
Q18_24_seed_188692713;29882;Merge Join;6;Outer;;0;131527;131527;150000;6.666666666666667e-06;340522.36;343245.24;43;0.0;0;2901.29;2903.572;2835.34;2835.342;62.898;65.328;Q18;29883;Sort;7;Outer;;0;131527;131527;0;1.0;322526.4;322855.22;24;0.0;0;2721.533;2835.332;0.0;0.0;Q18;29884;Hash Join;8;Outer;;0;131527;483871;407734;6.666661317063824e-07;279098.44;311343.31;24;0.0;0;0.261;190.596;2614.341;2614.341;Q18;29889;Sort;7;Inner;;0;150000;150000;0;1.0;17995.95;18370.95;23;0.0;0;0.054;53.061;0.0;0.0;Q18;29890;Seq Scan;8;Outer;;3600;150000;0;0;1.0;0.0;5100.0;23;150000.0;0;0.0;0.0;0.0;0.0;Q18
Q18_25_seed_196896744;29898;Merge Join;6;Outer;;0;131527;131527;150000;6.666666666666667e-06;340522.36;343245.24;43;0.0;0;2896.558;2899.622;2848.965;2848.966;61.933;64.549;Q18;29899;Sort;7;Outer;;0;131527;131527;0;1.0;322526.4;322855.22;24;0.0;0;2729.732;2848.955;0.0;0.0;Q18;29900;Hash Join;8;Outer;;0;131527;483871;407734;6.666661317063824e-07;279098.44;311343.31;24;0.0;0;0.206;194.338;2626.117;2626.118;Q18;29905;Sort;7;Inner;;0;150000;150000;0;1.0;17995.95;18370.95;23;0.0;0;0.025;53.003;0.0;0.0;Q18;29906;Seq Scan;8;Outer;;3600;150000;0;0;1.0;0.0;5100.0;23;150000.0;0;0.0;0.0;0.0;0.0;Q18
Q18_29_seed_229712868;29962;Merge Join;6;Outer;;0;131527;131527;150000;6.666666666666667e-06;340522.36;343245.24;43;0.0;0;2925.206;2928.056;2859.049;2859.051;63.77;66.187;Q18;29963;Sort;7;Outer;;0;131527;131527;0;1.0;322526.4;322855.22;24;0.0;0;2726.428;2859.042;0.0;0.0;Q18;29964;Hash Join;8;Outer;;0;131527;483871;407734;6.666661317063824e-07;279098.44;311343.31;24;0.0;0;0.683;192.328;2635.835;2635.836;Q18;29969;Sort;7;Inner;;0;150000;150000;0;1.0;17995.95;18370.95;23;0.0;0;0.026;54.329;0.0;0.0;Q18;29970;Seq Scan;8;Outer;;3600;150000;0;0;1.0;0.0;5100.0;23;150000.0;0;0.0;0.0;0.0;0.0;Q18
Q18_2_seed_8204031;29978;Merge Join;6;Outer;;0;131527;131527;150000;6.666666666666667e-06;340522.36;343245.24;43;0.0;0;2905.499;2908.717;2855.939;2855.94;63.632;65.977;Q18;29979;Sort;7;Outer;;0;131527;131527;0;1.0;322526.4;322855.22;24;0.0;0;2738.614;2855.928;0.0;0.0;Q18;29980;Hash Join;8;Outer;;0;131527;483871;407734;6.666661317063824e-07;279098.44;311343.31;24;0.0;0;0.245;199.272;2627.866;2627.866;Q18;29985;Sort;7;Inner;;0;150000;150000;0;1.0;17995.95;18370.95;23;0.0;0;0.05;52.992;0.0;0.0;Q18;29986;Seq Scan;8;Outer;;3600;150000;0;0;1.0;0.0;5100.0;23;150000.0;0;0.0;0.0;0.0;0.0;Q18
Q18_31_seed_246120930;30010;Merge Join;6;Outer;;0;131527;131527;150000;6.666666666666667e-06;340522.36;343245.24;43;0.0;0;2907.546;2910.016;2841.465;2841.466;63.073;65.567;Q18;30011;Sort;7;Outer;;0;131527;131527;0;1.0;322526.4;322855.22;24;0.0;0;2695.584;2841.454;0.0;0.0;Q18;30012;Hash Join;8;Outer;;0;131527;483871;407734;6.666661317063824e-07;279098.44;311343.31;24;0.0;0;0.239;194.298;2618.485;2618.485;Q18;30017;Sort;7;Inner;;0;150000;150000;0;1.0;17995.95;18370.95;23;0.0;0;0.058;53.508;0.0;0.0;Q18;30018;Seq Scan;8;Outer;;3600;150000;0;0;1.0;0.0;5100.0;23;150000.0;0;0.0;0.0;0.0;0.0;Q18
Q18_32_seed_254324961;30026;Merge Join;6;Outer;;0;131527;131527;150000;6.666666666666667e-06;340522.36;343245.24;43;0.0;0;2895.248;2897.222;2845.504;2845.505;63.779;66.179;Q18;30027;Sort;7;Outer;;0;131527;131527;0;1.0;322526.4;322855.22;24;0.0;0;2726.209;2845.493;0.0;0.0;Q18;30028;Hash Join;8;Outer;;0;131527;483871;407734;6.666661317063824e-07;279098.44;311343.31;24;0.0;0;0.214;196.381;2622.537;2622.537;Q18;30033;Sort;7;Inner;;0;150000;150000;0;1.0;17995.95;18370.95;23;0.0;0;0.046;54.539;0.0;0.0;Q18;30034;Seq Scan;8;Outer;;3600;150000;0;0;1.0;0.0;5100.0;23;150000.0;0;0.0;0.0;0.0;0.0;Q18
Q18_34_seed_270733023;30058;Merge Join;6;Outer;;0;131527;131527;150000;6.666666666666667e-06;340522.36;343245.24;43;0.0;0;2934.089;2937.277;2868.61;2868.611;62.906;65.534;Q18;30059;Sort;7;Outer;;0;131527;131527;0;1.0;322526.4;322855.22;24;0.0;0;2723.83;2868.599;0.0;0.0;Q18;30060;Hash Join;8;Outer;;0;131527;483871;407734;6.666661317063824e-07;279098.44;311343.31;24;0.0;0;0.24;201.587;2637.097;2637.098;Q18;30065;Sort;7;Inner;;0;150000;150000;0;1.0;17995.95;18370.95;23;0.0;0;0.044;53.106;0.0;0.0;Q18;30066;Seq Scan;8;Outer;;3600;150000;0;0;1.0;0.0;5100.0;23;150000.0;0;0.0;0.0;0.0;0.0;Q18
Q18_36_seed_287141085;30090;Merge Join;6;Outer;;0;131527;131527;150000;6.666666666666667e-06;340522.36;343245.24;43;0.0;0;2895.729;2897.317;2828.641;2828.643;63.657;65.917;Q18;30091;Sort;7;Outer;;0;131527;131527;0;1.0;322526.4;322855.22;24;0.0;0;2708.992;2828.623;0.0;0.0;Q18;30092;Hash Join;8;Outer;;0;131527;483871;407734;6.666661317063824e-07;279098.44;311343.31;24;0.0;0;0.246;196.36;2602.652;2602.652;Q18;30097;Sort;7;Inner;;0;150000;150000;0;1.0;17995.95;18370.95;23;0.0;0;0.058;54.099;0.0;0.0;Q18;30098;Seq Scan;8;Outer;;3600;150000;0;0;1.0;0.0;5100.0;23;150000.0;0;0.0;0.0;0.0;0.0;Q18
Q18_38_seed_303549147;30122;Merge Join;6;Outer;;0;131527;131527;150000;6.666666666666667e-06;340522.36;343245.24;43;0.0;0;2937.909;2939.497;2868.353;2868.355;66.415;68.717;Q18;30123;Sort;7;Outer;;0;131527;131527;0;1.0;322526.4;322855.22;24;0.0;0;2749.252;2868.343;0.0;0.0;Q18;30124;Hash Join;8;Outer;;0;131527;483871;407734;6.666661317063824e-07;279098.44;311343.31;24;0.0;0;0.24;200.395;2638.832;2638.832;Q18;30129;Sort;7;Inner;;0;150000;150000;0;1.0;17995.95;18370.95;23;0.0;0;0.058;54.583;0.0;0.0;Q18;30130;Seq Scan;8;Outer;;3600;150000;0;0;1.0;0.0;5100.0;23;150000.0;0;0.0;0.0;0.0;0.0;Q18
Q18_41_seed_328161240;30186;Merge Join;6;Outer;;0;131527;131527;150000;6.666666666666667e-06;340522.36;343245.24;43;0.0;0;2909.67;2911.436;2842.271;2842.273;64.414;66.594;Q18;30187;Sort;7;Outer;;0;131527;131527;0;1.0;322526.4;322855.22;24;0.0;0;2693.007;2842.263;0.0;0.0;Q18;30188;Hash Join;8;Outer;;0;131527;483871;407734;6.666661317063824e-07;279098.44;311343.31;24;0.0;0;0.21;198.436;2615.268;2615.268;Q18;30193;Sort;7;Inner;;0;150000;150000;0;1.0;17995.95;18370.95;23;0.0;0;0.052;55.08;0.0;0.0;Q18;30194;Seq Scan;8;Outer;;3600;150000;0;0;1.0;0.0;5100.0;23;150000.0;0;0.0;0.0;0.0;0.0;Q18
Q18_42_seed_336365271;30202;Merge Join;6;Outer;;0;131527;131527;150000;6.666666666666667e-06;340522.36;343245.24;43;0.0;0;2886.749;2888.883;2819.952;2819.953;63.661;66.048;Q18;30203;Sort;7;Outer;;0;131527;131527;0;1.0;322526.4;322855.22;24;0.0;0;2697.949;2819.942;0.0;0.0;Q18;30204;Hash Join;8;Outer;;0;131527;483871;407734;6.666661317063824e-07;279098.44;311343.31;24;0.0;0;0.206;191.616;2599.336;2599.336;Q18;30209;Sort;7;Inner;;0;150000;150000;0;1.0;17995.95;18370.95;23;0.0;0;0.046;54.26;0.0;0.0;Q18;30210;Seq Scan;8;Outer;;3600;150000;0;0;1.0;0.0;5100.0;23;150000.0;0;0.0;0.0;0.0;0.0;Q18
Q18_43_seed_344569302;30218;Merge Join;6;Outer;;0;131527;131527;150000;6.666666666666667e-06;340522.36;343245.24;43;0.0;0;2913.428;2915.145;2846.014;2846.015;64.219;66.426;Q18;30219;Sort;7;Outer;;0;131527;131527;0;1.0;322526.4;322855.22;24;0.0;0;2747.949;2846.004;0.0;0.0;Q18;30220;Hash Join;8;Outer;;0;131527;483871;407734;6.666661317063824e-07;279098.44;311343.31;24;0.0;0;0.209;190.157;2625.2;2625.201;Q18;30225;Sort;7;Inner;;0;150000;150000;0;1.0;17995.95;18370.95;23;0.0;0;0.054;54.701;0.0;0.0;Q18;30226;Seq Scan;8;Outer;;3600;150000;0;0;1.0;0.0;5100.0;23;150000.0;0;0.0;0.0;0.0;0.0;Q18
Q18_44_seed_352773333;30234;Merge Join;6;Outer;;0;131527;131527;150000;6.666666666666667e-06;340522.36;343245.24;43;0.0;0;2903.452;2906.33;2827.24;2827.241;71.127;75.167;Q18;30235;Sort;7;Outer;;0;131527;131527;0;1.0;322526.4;322855.22;24;0.0;0;2711.307;2827.232;0.0;0.0;Q18;30236;Hash Join;8;Outer;;0;131527;483871;407734;6.666661317063824e-07;279098.44;311343.31;24;0.0;0;0.218;191.926;2605.855;2605.856;Q18;30241;Sort;7;Inner;;0;150000;150000;0;1.0;17995.95;18370.95;23;0.0;0;0.052;59.569;0.0;0.0;Q18;30242;Seq Scan;8;Outer;;3600;150000;0;0;1.0;0.0;5100.0;23;150000.0;0;0.0;0.0;0.0;0.0;Q18
Q18_46_seed_369181395;30266;Merge Join;6;Outer;;0;131527;131527;150000;6.666666666666667e-06;340522.36;343245.24;43;0.0;0;2933.72;2934.968;2866.523;2866.524;63.263;65.632;Q18;30267;Sort;7;Outer;;0;131527;131527;0;1.0;322526.4;322855.22;24;0.0;0;2723.917;2866.511;0.0;0.0;Q18;30268;Hash Join;8;Outer;;0;131527;483871;407734;6.666661317063824e-07;279098.44;311343.31;24;0.0;0;0.221;184.081;2652.203;2652.203;Q18;30273;Sort;7;Inner;;0;150000;150000;0;1.0;17995.95;18370.95;23;0.0;0;0.042;52.198;0.0;0.0;Q18;30274;Seq Scan;8;Outer;;3600;150000;0;0;1.0;0.0;5100.0;23;150000.0;0;0.0;0.0;0.0;0.0;Q18
Q18_47_seed_377385426;30282;Merge Join;6;Outer;;0;131527;131527;150000;6.666666666666667e-06;340522.36;343245.24;43;0.0;0;2915.185;2917.33;2847.89;2847.891;63.892;66.404;Q18;30283;Sort;7;Outer;;0;131527;131527;0;1.0;322526.4;322855.22;24;0.0;0;2732.383;2847.88;0.0;0.0;Q18;30284;Hash Join;8;Outer;;0;131527;483871;407734;6.666661317063824e-07;279098.44;311343.31;24;0.0;0;0.28;203.654;2612.889;2612.889;Q18;30289;Sort;7;Inner;;0;150000;150000;0;1.0;17995.95;18370.95;23;0.0;0;0.054;54.185;0.0;0.0;Q18;30290;Seq Scan;8;Outer;;3600;150000;0;0;1.0;0.0;5100.0;23;150000.0;0;0.0;0.0;0.0;0.0;Q18
Q18_49_seed_393793488;30314;Merge Join;6;Outer;;0;131527;131527;150000;6.666666666666667e-06;340522.36;343245.24;43;0.0;0;2919.949;2923.301;2852.322;2852.323;63.765;66.285;Q18;30315;Sort;7;Outer;;0;131527;131527;0;1.0;322526.4;322855.22;24;0.0;0;2719.485;2852.313;0.0;0.0;Q18;30316;Hash Join;8;Outer;;0;131527;483871;407734;6.666661317063824e-07;279098.44;311343.31;24;0.0;0;0.278;194.295;2628.092;2628.093;Q18;30321;Sort;7;Inner;;0;150000;150000;0;1.0;17995.95;18370.95;23;0.0;0;0.053;53.489;0.0;0.0;Q18;30322;Seq Scan;8;Outer;;3600;150000;0;0;1.0;0.0;5100.0;23;150000.0;0;0.0;0.0;0.0;0.0;Q18
Q18_4_seed_24612093;30330;Merge Join;6;Outer;;0;131527;131527;150000;6.666666666666667e-06;340522.36;343245.24;43;0.0;0;2902.71;2904.032;2834.327;2834.328;64.865;67.078;Q18;30331;Sort;7;Outer;;0;131527;131527;0;1.0;322526.4;322855.22;24;0.0;0;2688.802;2834.316;0.0;0.0;Q18;30332;Hash Join;8;Outer;;0;131527;483871;407734;6.666661317063824e-07;279098.44;311343.31;24;0.0;0;0.244;191.737;2614.065;2614.065;Q18;30337;Sort;7;Inner;;0;150000;150000;0;1.0;17995.95;18370.95;23;0.0;0;0.07;54.5;0.0;0.0;Q18;30338;Seq Scan;8;Outer;;3600;150000;0;0;1.0;0.0;5100.0;23;150000.0;0;0.0;0.0;0.0;0.0;Q18
Q18_50_seed_401997519;30346;Merge Join;6;Outer;;0;131527;131527;150000;6.666666666666667e-06;340522.36;343245.24;43;0.0;0;2915.039;2917.154;2847.452;2847.453;65.07;67.167;Q18;30347;Sort;7;Outer;;0;131527;131527;0;1.0;322526.4;322855.22;24;0.0;0;2719.185;2847.44;0.0;0.0;Q18;30348;Hash Join;8;Outer;;0;131527;483871;407734;6.666661317063824e-07;279098.44;311343.31;24;0.0;0;0.218;191.315;2624.708;2624.708;Q18;30353;Sort;7;Inner;;0;150000;150000;0;1.0;17995.95;18370.95;23;0.0;0;0.07;55.67;0.0;0.0;Q18;30354;Seq Scan;8;Outer;;3600;150000;0;0;1.0;0.0;5100.0;23;150000.0;0;0.0;0.0;0.0;0.0;Q18
Q18_51_seed_410201550;30362;Merge Join;6;Outer;;0;131527;131527;150000;6.666666666666667e-06;340522.36;343245.24;43;0.0;0;2970.863;2973.729;2906.51;2906.512;61.841;64.265;Q18;30363;Sort;7;Outer;;0;131527;131527;0;1.0;322526.4;322855.22;24;0.0;0;2771.21;2906.499;0.0;0.0;Q18;30364;Hash Join;8;Outer;;0;131527;483871;407734;6.666661317063824e-07;279098.44;311343.31;24;0.0;0;0.409;203.31;2675.139;2675.14;Q18;30369;Sort;7;Inner;;0;150000;150000;0;1.0;17995.95;18370.95;23;0.0;0;0.086;52.254;0.0;0.0;Q18;30370;Seq Scan;8;Outer;;3600;150000;0;0;1.0;0.0;5100.0;23;150000.0;0;0.0;0.0;0.0;0.0;Q18
Q18_52_seed_418405581;30378;Merge Join;6;Outer;;0;131527;131527;150000;6.666666666666667e-06;340522.36;343245.24;43;0.0;0;2922.014;2924.387;2854.596;2854.598;64.254;66.764;Q18;30379;Sort;7;Outer;;0;131527;131527;0;1.0;322526.4;322855.22;24;0.0;0;2725.973;2854.587;0.0;0.0;Q18;30380;Hash Join;8;Outer;;0;131527;483871;407734;6.666661317063824e-07;279098.44;311343.31;24;0.0;0;0.287;197.769;2628.574;2628.574;Q18;30385;Sort;7;Inner;;0;150000;150000;0;1.0;17995.95;18370.95;23;0.0;0;0.042;54.681;0.0;0.0;Q18;30386;Seq Scan;8;Outer;;3600;150000;0;0;1.0;0.0;5100.0;23;150000.0;0;0.0;0.0;0.0;0.0;Q18
Q18_53_seed_426609612;30394;Merge Join;6;Outer;;0;131527;131527;150000;6.666666666666667e-06;340522.36;343245.24;43;0.0;0;2904.092;2906.746;2837.317;2837.319;63.852;66.413;Q18;30395;Sort;7;Outer;;0;131527;131527;0;1.0;322526.4;322855.22;24;0.0;0;2700.504;2837.305;0.0;0.0;Q18;30396;Hash Join;8;Outer;;0;131527;483871;407734;6.666661317063824e-07;279098.44;311343.31;24;0.0;0;0.231;190.96;2615.421;2615.422;Q18;30401;Sort;7;Inner;;0;150000;150000;0;1.0;17995.95;18370.95;23;0.0;0;0.048;53.585;0.0;0.0;Q18;30402;Seq Scan;8;Outer;;3600;150000;0;0;1.0;0.0;5100.0;23;150000.0;0;0.0;0.0;0.0;0.0;Q18
Q18_54_seed_434813643;30410;Merge Join;6;Outer;;0;131527;131527;150000;6.666666666666667e-06;340522.36;343245.24;43;0.0;0;2911.867;2913.762;2845.061;2845.062;63.274;65.756;Q18;30411;Sort;7;Outer;;0;131527;131527;0;1.0;322526.4;322855.22;24;0.0;0;2705.698;2845.052;0.0;0.0;Q18;30412;Hash Join;8;Outer;;0;131527;483871;407734;6.666661317063824e-07;279098.44;311343.31;24;0.0;0;0.268;193.627;2621.586;2621.586;Q18;30417;Sort;7;Inner;;0;150000;150000;0;1.0;17995.95;18370.95;23;0.0;0;0.066;53.571;0.0;0.0;Q18;30418;Seq Scan;8;Outer;;3600;150000;0;0;1.0;0.0;5100.0;23;150000.0;0;0.0;0.0;0.0;0.0;Q18
Q18_55_seed_443017674;30426;Merge Join;6;Outer;;0;131527;131527;150000;6.666666666666667e-06;340522.36;343245.24;43;0.0;0;2934.864;2937.66;2867.041;2867.042;64.11;67.784;Q18;30427;Sort;7;Outer;;0;131527;131527;0;1.0;322526.4;322855.22;24;0.0;0;2733.063;2867.029;0.0;0.0;Q18;30428;Hash Join;8;Outer;;0;131527;483871;407734;6.666661317063824e-07;279098.44;311343.31;24;0.0;0;0.198;195.967;2641.314;2641.314;Q18;30433;Sort;7;Inner;;0;150000;150000;0;1.0;17995.95;18370.95;23;0.0;0;0.06;53.238;0.0;0.0;Q18;30434;Seq Scan;8;Outer;;3600;150000;0;0;1.0;0.0;5100.0;23;150000.0;0;0.0;0.0;0.0;0.0;Q18
Q18_56_seed_451221705;30442;Merge Join;6;Outer;;0;131527;131527;150000;6.666666666666667e-06;340522.36;343245.24;43;0.0;0;2885.178;2886.773;2837.202;2837.203;61.663;63.669;Q18;30443;Sort;7;Outer;;0;131527;131527;0;1.0;322526.4;322855.22;24;0.0;0;2730.471;2837.192;0.0;0.0;Q18;30444;Hash Join;8;Outer;;0;131527;483871;407734;6.666661317063824e-07;279098.44;311343.31;24;0.0;0;0.227;192.039;2614.539;2614.539;Q18;30449;Sort;7;Inner;;0;150000;150000;0;1.0;17995.95;18370.95;23;0.0;0;0.028;52.403;0.0;0.0;Q18;30450;Seq Scan;8;Outer;;3600;150000;0;0;1.0;0.0;5100.0;23;150000.0;0;0.0;0.0;0.0;0.0;Q18
Q18_57_seed_459425736;30458;Merge Join;6;Outer;;0;131527;131527;150000;6.666666666666667e-06;340522.36;343245.24;43;0.0;0;2908.192;2910.677;2843.289;2843.291;62.421;64.674;Q18;30459;Sort;7;Outer;;0;131527;131527;0;1.0;322526.4;322855.22;24;0.0;0;2698.423;2843.278;0.0;0.0;Q18;30460;Hash Join;8;Outer;;0;131527;483871;407734;6.666661317063824e-07;279098.44;311343.31;24;0.0;0;0.212;196.583;2616.7;2616.701;Q18;30465;Sort;7;Inner;;0;150000;150000;0;1.0;17995.95;18370.95;23;0.0;0;0.037;52.701;0.0;0.0;Q18;30466;Seq Scan;8;Outer;;3600;150000;0;0;1.0;0.0;5100.0;23;150000.0;0;0.0;0.0;0.0;0.0;Q18
Q18_58_seed_467629767;30474;Merge Join;6;Outer;;0;131527;131527;150000;6.666666666666667e-06;340522.36;343245.24;43;0.0;0;2936.437;2938.648;2870.026;2870.027;62.997;65.559;Q18;30475;Sort;7;Outer;;0;131527;131527;0;1.0;322526.4;322855.22;24;0.0;0;2754.833;2870.015;0.0;0.0;Q18;30476;Hash Join;8;Outer;;0;131527;483871;407734;6.666661317063824e-07;279098.44;311343.31;24;0.0;0;0.246;207.113;2631.291;2631.291;Q18;30481;Sort;7;Inner;;0;150000;150000;0;1.0;17995.95;18370.95;23;0.0;0;0.071;53.381;0.0;0.0;Q18;30482;Seq Scan;8;Outer;;3600;150000;0;0;1.0;0.0;5100.0;23;150000.0;0;0.0;0.0;0.0;0.0;Q18
Q18_5_seed_32816124;30506;Merge Join;6;Outer;;0;131527;131527;150000;6.666666666666667e-06;340522.36;343245.24;43;0.0;0;2935.971;2937.685;2868.881;2868.882;63.609;65.914;Q18;30507;Sort;7;Outer;;0;131527;131527;0;1.0;322526.4;322855.22;24;0.0;0;2749.844;2868.87;0.0;0.0;Q18;30508;Hash Join;8;Outer;;0;131527;483871;407734;6.666661317063824e-07;279098.44;311343.31;24;0.0;0;0.242;197.057;2643.702;2643.702;Q18;30513;Sort;7;Inner;;0;150000;150000;0;1.0;17995.95;18370.95;23;0.0;0;0.036;53.718;0.0;0.0;Q18;30514;Seq Scan;8;Outer;;3600;150000;0;0;1.0;0.0;5100.0;23;150000.0;0;0.0;0.0;0.0;0.0;Q18
Q18_60_seed_484037829;30522;Merge Join;6;Outer;;0;131527;131527;150000;6.666666666666667e-06;340522.36;343245.24;43;0.0;0;2868.683;2870.372;2800.541;2800.542;64.674;66.895;Q18;30523;Sort;7;Outer;;0;131527;131527;0;1.0;322526.4;322855.22;24;0.0;0;2654.012;2800.534;0.0;0.0;Q18;30524;Hash Join;8;Outer;;0;131527;483871;407734;6.666661317063824e-07;279098.44;311343.31;24;0.0;0;0.206;198.477;2573.49;2573.49;Q18;30529;Sort;7;Inner;;0;150000;150000;0;1.0;17995.95;18370.95;23;0.0;0;0.047;54.058;0.0;0.0;Q18;30530;Seq Scan;8;Outer;;3600;150000;0;0;1.0;0.0;5100.0;23;150000.0;0;0.0;0.0;0.0;0.0;Q18
Q18_61_seed_492241860;30538;Merge Join;6;Outer;;0;131527;131527;150000;6.666666666666667e-06;340522.36;343245.24;43;0.0;0;2876.33;2879.242;2809.88;2809.882;63.633;66.05;Q18;30539;Sort;7;Outer;;0;131527;131527;0;1.0;322526.4;322855.22;24;0.0;0;2688.979;2809.869;0.0;0.0;Q18;30540;Hash Join;8;Outer;;0;131527;483871;407734;6.666661317063824e-07;279098.44;311343.31;24;0.0;0;0.209;194.673;2587.937;2587.938;Q18;30545;Sort;7;Inner;;0;150000;150000;0;1.0;17995.95;18370.95;23;0.0;0;0.083;52.902;0.0;0.0;Q18;30546;Seq Scan;8;Outer;;3600;150000;0;0;1.0;0.0;5100.0;23;150000.0;0;0.0;0.0;0.0;0.0;Q18
Q18_66_seed_533262015;30618;Merge Join;6;Outer;;0;131527;131527;150000;6.666666666666667e-06;340522.36;343245.24;43;0.0;0;2894.244;2897.166;2845.348;2845.349;63.614;66.128;Q18;30619;Sort;7;Outer;;0;131527;131527;0;1.0;322526.4;322855.22;24;0.0;0;2753.81;2845.339;0.0;0.0;Q18;30620;Hash Join;8;Outer;;0;131527;483871;407734;6.666661317063824e-07;279098.44;311343.31;24;0.0;0;0.204;197.843;2618.553;2618.553;Q18;30625;Sort;7;Inner;;0;150000;150000;0;1.0;17995.95;18370.95;23;0.0;0;0.059;54.08;0.0;0.0;Q18;30626;Seq Scan;8;Outer;;3600;150000;0;0;1.0;0.0;5100.0;23;150000.0;0;0.0;0.0;0.0;0.0;Q18
Q18_68_seed_549670077;30650;Merge Join;6;Outer;;0;131527;131527;150000;6.666666666666667e-06;340522.36;343245.24;43;0.0;0;2894.678;2897.202;2829.469;2829.47;62.105;64.605;Q18;30651;Sort;7;Outer;;0;131527;131527;0;1.0;322526.4;322855.22;24;0.0;0;2723.553;2829.46;0.0;0.0;Q18;30652;Hash Join;8;Outer;;0;131527;483871;407734;6.666661317063824e-07;279098.44;311343.31;24;0.0;0;0.221;190.445;2609.949;2609.949;Q18;30657;Sort;7;Inner;;0;150000;150000;0;1.0;17995.95;18370.95;23;0.0;0;0.04;52.743;0.0;0.0;Q18;30658;Seq Scan;8;Outer;;3600;150000;0;0;1.0;0.0;5100.0;23;150000.0;0;0.0;0.0;0.0;0.0;Q18
Q18_69_seed_557874108;30666;Merge Join;6;Outer;;0;131527;131527;150000;6.666666666666667e-06;340522.36;343245.24;43;0.0;0;2867.995;2871.052;2821.145;2821.146;60.967;63.571;Q18;30667;Sort;7;Outer;;0;131527;131527;0;1.0;322526.4;322855.22;24;0.0;0;2701.239;2821.136;0.0;0.0;Q18;30668;Hash Join;8;Outer;;0;131527;483871;407734;6.666661317063824e-07;279098.44;311343.31;24;0.0;0;0.222;198.412;2594.516;2594.516;Q18;30673;Sort;7;Inner;;0;150000;150000;0;1.0;17995.95;18370.95;23;0.0;0;0.125;52.301;0.0;0.0;Q18;30674;Seq Scan;8;Outer;;3600;150000;0;0;1.0;0.0;5100.0;23;150000.0;0;0.0;0.0;0.0;0.0;Q18
Q18_6_seed_41020155;30682;Merge Join;6;Outer;;0;131527;131527;150000;6.666666666666667e-06;340522.36;343245.24;43;0.0;0;2901.04;2903.1;2851.841;2851.843;62.935;65.427;Q18;30683;Sort;7;Outer;;0;131527;131527;0;1.0;322526.4;322855.22;24;0.0;0;2736.678;2851.832;0.0;0.0;Q18;30684;Hash Join;8;Outer;;0;131527;483871;407734;6.666661317063824e-07;279098.44;311343.31;24;0.0;0;0.297;199.575;2623.524;2623.525;Q18;30689;Sort;7;Inner;;0;150000;150000;0;1.0;17995.95;18370.95;23;0.0;0;0.034;53.816;0.0;0.0;Q18;30690;Seq Scan;8;Outer;;3600;150000;0;0;1.0;0.0;5100.0;23;150000.0;0;0.0;0.0;0.0;0.0;Q18
Q18_70_seed_566078139;30698;Merge Join;6;Outer;;0;131527;131527;150000;6.666666666666667e-06;340522.36;343245.24;43;0.0;0;2918.571;2921.862;2850.792;2850.793;64.324;68.12;Q18;30699;Sort;7;Outer;;0;131527;131527;0;1.0;322526.4;322855.22;24;0.0;0;2705.512;2850.783;0.0;0.0;Q18;30700;Hash Join;8;Outer;;0;131527;483871;407734;6.666661317063824e-07;279098.44;311343.31;24;0.0;0;0.216;199.255;2622.831;2622.831;Q18;30705;Sort;7;Inner;;0;150000;150000;0;1.0;17995.95;18370.95;23;0.0;0;0.033;53.787;0.0;0.0;Q18;30706;Seq Scan;8;Outer;;3600;150000;0;0;1.0;0.0;5100.0;23;150000.0;0;0.0;0.0;0.0;0.0;Q18
Q18_72_seed_582486201;30730;Merge Join;6;Outer;;0;131527;131527;150000;6.666666666666667e-06;340522.36;343245.24;43;0.0;0;2954.621;2957.517;2889.111;2889.112;62.787;65.349;Q18;30731;Sort;7;Outer;;0;131527;131527;0;1.0;322526.4;322855.22;24;0.0;0;2757.709;2889.103;0.0;0.0;Q18;30732;Hash Join;8;Outer;;0;131527;483871;407734;6.666661317063824e-07;279098.44;311343.31;24;0.0;0;0.204;198.877;2661.451;2661.452;Q18;30737;Sort;7;Inner;;0;150000;150000;0;1.0;17995.95;18370.95;23;0.0;0;0.05;53.164;0.0;0.0;Q18;30738;Seq Scan;8;Outer;;3600;150000;0;0;1.0;0.0;5100.0;23;150000.0;0;0.0;0.0;0.0;0.0;Q18
Q18_73_seed_590690232;30746;Merge Join;6;Outer;;0;131527;131527;150000;6.666666666666667e-06;340522.36;343245.24;43;0.0;0;2907.828;2909.07;2841.466;2841.468;62.416;64.781;Q18;30747;Sort;7;Outer;;0;131527;131527;0;1.0;322526.4;322855.22;24;0.0;0;2714.719;2841.458;0.0;0.0;Q18;30748;Hash Join;8;Outer;;0;131527;483871;407734;6.666661317063824e-07;279098.44;311343.31;24;0.0;0;0.213;186.452;2627.217;2627.218;Q18;30753;Sort;7;Inner;;0;150000;150000;0;1.0;17995.95;18370.95;23;0.0;0;0.034;52.984;0.0;0.0;Q18;30754;Seq Scan;8;Outer;;3600;150000;0;0;1.0;0.0;5100.0;23;150000.0;0;0.0;0.0;0.0;0.0;Q18
Q18_74_seed_598894263;30762;Merge Join;6;Outer;;0;131527;131527;150000;6.666666666666667e-06;340522.36;343245.24;43;0.0;0;2937.124;2939.625;2871.383;2871.384;62.796;65.306;Q18;30763;Sort;7;Outer;;0;131527;131527;0;1.0;322526.4;322855.22;24;0.0;0;2750.304;2871.373;0.0;0.0;Q18;30764;Hash Join;8;Outer;;0;131527;483871;407734;6.666661317063824e-07;279098.44;311343.31;24;0.0;0;0.194;204.719;2637.14;2637.141;Q18;30769;Sort;7;Inner;;0;150000;150000;0;1.0;17995.95;18370.95;23;0.0;0;0.048;53.218;0.0;0.0;Q18;30770;Seq Scan;8;Outer;;3600;150000;0;0;1.0;0.0;5100.0;23;150000.0;0;0.0;0.0;0.0;0.0;Q18
Q18_75_seed_607098294;30778;Merge Join;6;Outer;;0;131527;131527;150000;6.666666666666667e-06;340522.36;343245.24;43;0.0;0;2904.147;2906.631;2855.794;2855.795;62.251;64.785;Q18;30779;Sort;7;Outer;;0;131527;131527;0;1.0;322526.4;322855.22;24;0.0;0;2743.394;2855.782;0.0;0.0;Q18;30780;Hash Join;8;Outer;;0;131527;483871;407734;6.666661317063824e-07;279098.44;311343.31;24;0.0;0;0.24;206.077;2620.692;2620.693;Q18;30785;Sort;7;Inner;;0;150000;150000;0;1.0;17995.95;18370.95;23;0.0;0;0.051;52.635;0.0;0.0;Q18;30786;Seq Scan;8;Outer;;3600;150000;0;0;1.0;0.0;5100.0;23;150000.0;0;0.0;0.0;0.0;0.0;Q18
Q18_76_seed_615302325;30794;Merge Join;6;Outer;;0;131527;131527;150000;6.666666666666667e-06;340522.36;343245.24;43;0.0;0;2924.718;2926.41;2857.639;2857.64;64.286;66.32;Q18;30795;Sort;7;Outer;;0;131527;131527;0;1.0;322526.4;322855.22;24;0.0;0;2720.851;2857.629;0.0;0.0;Q18;30796;Hash Join;8;Outer;;0;131527;483871;407734;6.666661317063824e-07;279098.44;311343.31;24;0.0;0;0.248;195.303;2632.751;2632.752;Q18;30801;Sort;7;Inner;;0;150000;150000;0;1.0;17995.95;18370.95;23;0.0;0;0.052;54.467;0.0;0.0;Q18;30802;Seq Scan;8;Outer;;3600;150000;0;0;1.0;0.0;5100.0;23;150000.0;0;0.0;0.0;0.0;0.0;Q18
Q18_77_seed_623506356;30810;Merge Join;6;Outer;;0;131527;131527;150000;6.666666666666667e-06;340522.36;343245.24;43;0.0;0;2910.549;2912.812;2845.188;2845.19;62.041;64.574;Q18;30811;Sort;7;Outer;;0;131527;131527;0;1.0;322526.4;322855.22;24;0.0;0;2750.573;2845.178;0.0;0.0;Q18;30812;Hash Join;8;Outer;;0;131527;483871;407734;6.666661317063824e-07;279098.44;311343.31;24;0.0;0;0.199;198.948;2614.453;2614.453;Q18;30817;Sort;7;Inner;;0;150000;150000;0;1.0;17995.95;18370.95;23;0.0;0;0.086;52.502;0.0;0.0;Q18;30818;Seq Scan;8;Outer;;3600;150000;0;0;1.0;0.0;5100.0;23;150000.0;0;0.0;0.0;0.0;0.0;Q18
Q18_78_seed_631710387;30826;Merge Join;6;Outer;;0;131527;131527;150000;6.666666666666667e-06;340522.36;343245.24;43;0.0;0;2913.859;2916.877;2845.094;2845.095;65.071;67.591;Q18;30827;Sort;7;Outer;;0;131527;131527;0;1.0;322526.4;322855.22;24;0.0;0;2733.369;2845.079;0.0;0.0;Q18;30828;Hash Join;8;Outer;;0;131527;483871;407734;6.666661317063824e-07;279098.44;311343.31;24;0.0;0;0.275;191.218;2623.961;2623.961;Q18;30833;Sort;7;Inner;;0;150000;150000;0;1.0;17995.95;18370.95;23;0.0;0;0.049;54.069;0.0;0.0;Q18;30834;Seq Scan;8;Outer;;3600;150000;0;0;1.0;0.0;5100.0;23;150000.0;0;0.0;0.0;0.0;0.0;Q18
Q18_79_seed_639914418;30842;Merge Join;6;Outer;;0;131527;131527;150000;6.666666666666667e-06;340522.36;343245.24;43;0.0;0;2901.511;2904.138;2833.687;2833.689;64.721;67.327;Q18;30843;Sort;7;Outer;;0;131527;131527;0;1.0;322526.4;322855.22;24;0.0;0;2699.045;2833.679;0.0;0.0;Q18;30844;Hash Join;8;Outer;;0;131527;483871;407734;6.666661317063824e-07;279098.44;311343.31;24;0.0;0;0.221;196.391;2609.548;2609.549;Q18;30849;Sort;7;Inner;;0;150000;150000;0;1.0;17995.95;18370.95;23;0.0;0;0.059;54.208;0.0;0.0;Q18;30850;Seq Scan;8;Outer;;3600;150000;0;0;1.0;0.0;5100.0;23;150000.0;0;0.0;0.0;0.0;0.0;Q18
Q18_82_seed_664526511;30906;Merge Join;6;Outer;;0;131527;131527;150000;6.666666666666667e-06;340522.36;343245.24;43;0.0;0;2918.588;2920.652;2870.172;2870.174;61.965;64.404;Q18;30907;Sort;7;Outer;;0;131527;131527;0;1.0;322526.4;322855.22;24;0.0;0;2757.599;2870.161;0.0;0.0;Q18;30908;Hash Join;8;Outer;;0;131527;483871;407734;6.666661317063824e-07;279098.44;311343.31;24;0.0;0;0.214;199.616;2638.986;2638.986;Q18;30913;Sort;7;Inner;;0;150000;150000;0;1.0;17995.95;18370.95;23;0.0;0;0.06;53.011;0.0;0.0;Q18;30914;Seq Scan;8;Outer;;3600;150000;0;0;1.0;0.0;5100.0;23;150000.0;0;0.0;0.0;0.0;0.0;Q18
Q18_85_seed_689138604;30954;Merge Join;6;Outer;;0;131527;131527;150000;6.666666666666667e-06;340522.36;343245.24;43;0.0;0;2919.438;2921.282;2870.836;2870.837;61.789;64.289;Q18;30955;Sort;7;Outer;;0;131527;131527;0;1.0;322526.4;322855.22;24;0.0;0;2761.011;2870.825;0.0;0.0;Q18;30956;Hash Join;8;Outer;;0;131527;483871;407734;6.666661317063824e-07;279098.44;311343.31;24;0.0;0;0.223;192.077;2648.427;2648.428;Q18;30961;Sort;7;Inner;;0;150000;150000;0;1.0;17995.95;18370.95;23;0.0;0;0.027;51.514;0.0;0.0;Q18;30962;Seq Scan;8;Outer;;3600;150000;0;0;1.0;0.0;5100.0;23;150000.0;0;0.0;0.0;0.0;0.0;Q18
Q18_87_seed_705546666;30986;Merge Join;6;Outer;;0;131527;131527;150000;6.666666666666667e-06;340522.36;343245.24;43;0.0;0;2918.711;2920.283;2848.273;2848.275;67.358;69.479;Q18;30987;Sort;7;Outer;;0;131527;131527;0;1.0;322526.4;322855.22;24;0.0;0;2722.713;2848.263;0.0;0.0;Q18;30988;Hash Join;8;Outer;;0;131527;483871;407734;6.666661317063824e-07;279098.44;311343.31;24;0.0;0;0.201;190.913;2628.068;2628.069;Q18;30993;Sort;7;Inner;;0;150000;150000;0;1.0;17995.95;18370.95;23;0.0;0;0.051;57.635;0.0;0.0;Q18;30994;Seq Scan;8;Outer;;3600;150000;0;0;1.0;0.0;5100.0;23;150000.0;0;0.0;0.0;0.0;0.0;Q18
Q18_89_seed_721954728;31018;Merge Join;6;Outer;;0;131527;131527;150000;6.666666666666667e-06;340522.36;343245.24;43;0.0;0;2928.399;2929.966;2873.599;2873.6;69.921;72.376;Q18;31019;Sort;7;Outer;;0;131527;131527;0;1.0;322526.4;322855.22;24;0.0;0;2763.409;2873.588;0.0;0.0;Q18;31020;Hash Join;8;Outer;;0;131527;483871;407734;6.666661317063824e-07;279098.44;311343.31;24;0.0;0;0.275;190.977;2652.071;2652.072;Q18;31025;Sort;7;Inner;;0;150000;150000;0;1.0;17995.95;18370.95;23;0.0;0;0.045;61.061;0.0;0.0;Q18;31026;Seq Scan;8;Outer;;3600;150000;0;0;1.0;0.0;5100.0;23;150000.0;0;0.0;0.0;0.0;0.0;Q18
Q18_8_seed_57428217;31034;Merge Join;6;Outer;;0;131527;131527;150000;6.666666666666667e-06;340522.36;343245.24;43;0.0;0;2904.626;2906.145;2835.32;2835.321;64.038;67.068;Q18;31035;Sort;7;Outer;;0;131527;131527;0;1.0;322526.4;322855.22;24;0.0;0;2697.158;2835.31;0.0;0.0;Q18;31036;Hash Join;8;Outer;;0;131527;483871;407734;6.666661317063824e-07;279098.44;311343.31;24;0.0;0;0.207;192.262;2612.609;2612.609;Q18;31041;Sort;7;Inner;;0;150000;150000;0;1.0;17995.95;18370.95;23;0.0;0;0.05;53.526;0.0;0.0;Q18;31042;Seq Scan;8;Outer;;3600;150000;0;0;1.0;0.0;5100.0;23;150000.0;0;0.0;0.0;0.0;0.0;Q18
Q18_90_seed_730158759;31050;Merge Join;6;Outer;;0;131527;131527;150000;6.666666666666667e-06;340522.36;343245.24;43;0.0;0;2906.534;2908.136;2839.372;2839.374;63.698;65.979;Q18;31051;Sort;7;Outer;;0;131527;131527;0;1.0;322526.4;322855.22;24;0.0;0;2695.365;2839.363;0.0;0.0;Q18;31052;Hash Join;8;Outer;;0;131527;483871;407734;6.666661317063824e-07;279098.44;311343.31;24;0.0;0;0.222;193.944;2615.358;2615.359;Q18;31057;Sort;7;Inner;;0;150000;150000;0;1.0;17995.95;18370.95;23;0.0;0;0.049;53.214;0.0;0.0;Q18;31058;Seq Scan;8;Outer;;3600;150000;0;0;1.0;0.0;5100.0;23;150000.0;0;0.0;0.0;0.0;0.0;Q18
Q18_91_seed_738362790;31066;Merge Join;6;Outer;;0;131527;131527;150000;6.666666666666667e-06;340522.36;343245.24;43;0.0;0;2926.844;2928.097;2856.114;2856.115;65.995;68.395;Q18;31067;Sort;7;Outer;;0;131527;131527;0;1.0;322526.4;322855.22;24;0.0;0;2725.604;2856.105;0.0;0.0;Q18;31068;Hash Join;8;Outer;;0;131527;483871;407734;6.666661317063824e-07;279098.44;311343.31;24;0.0;0;0.214;197.797;2630.322;2630.322;Q18;31073;Sort;7;Inner;;0;150000;150000;0;1.0;17995.95;18370.95;23;0.0;0;0.054;55.122;0.0;0.0;Q18;31074;Seq Scan;8;Outer;;3600;150000;0;0;1.0;0.0;5100.0;23;150000.0;0;0.0;0.0;0.0;0.0;Q18
Q18_93_seed_754770852;31098;Merge Join;6;Outer;;0;131527;131527;150000;6.666666666666667e-06;340522.36;343245.24;43;0.0;0;2890.297;2893.197;2825.246;2825.248;62.559;65.016;Q18;31099;Sort;7;Outer;;0;131527;131527;0;1.0;322526.4;322855.22;24;0.0;0;2700.447;2825.235;0.0;0.0;Q18;31100;Hash Join;8;Outer;;0;131527;483871;407734;6.666661317063824e-07;279098.44;311343.31;24;0.0;0;0.224;182.139;2612.299;2612.299;Q18;31105;Sort;7;Inner;;0;150000;150000;0;1.0;17995.95;18370.95;23;0.0;0;0.042;53.103;0.0;0.0;Q18;31106;Seq Scan;8;Outer;;3600;150000;0;0;1.0;0.0;5100.0;23;150000.0;0;0.0;0.0;0.0;0.0;Q18
Q18_95_seed_771178914;31130;Merge Join;6;Outer;;0;131527;131527;150000;6.666666666666667e-06;340522.36;343245.24;43;0.0;0;2951.668;2953.184;2880.625;2880.626;67.299;69.705;Q18;31131;Sort;7;Outer;;0;131527;131527;0;1.0;322526.4;322855.22;24;0.0;0;2752.706;2880.618;0.0;0.0;Q18;31132;Hash Join;8;Outer;;0;131527;483871;407734;6.666661317063824e-07;279098.44;311343.31;24;0.0;0;0.618;191.856;2659.845;2659.846;Q18;31137;Sort;7;Inner;;0;150000;150000;0;1.0;17995.95;18370.95;23;0.0;0;0.044;57.519;0.0;0.0;Q18;31138;Seq Scan;8;Outer;;3600;150000;0;0;1.0;0.0;5100.0;23;150000.0;0;0.0;0.0;0.0;0.0;Q18
Q18_97_seed_787586976;31162;Merge Join;6;Outer;;0;131527;131527;150000;6.666666666666667e-06;340522.36;343245.24;43;0.0;0;2924.944;2926.39;2855.376;2855.378;65.56;68.066;Q18;31163;Sort;7;Outer;;0;131527;131527;0;1.0;322526.4;322855.22;24;0.0;0;2708.57;2855.366;0.0;0.0;Q18;31164;Hash Join;8;Outer;;0;131527;483871;407734;6.666661317063824e-07;279098.44;311343.31;24;0.0;0;0.214;201.713;2623.76;2623.76;Q18;31169;Sort;7;Inner;;0;150000;150000;0;1.0;17995.95;18370.95;23;0.0;0;0.081;54.245;0.0;0.0;Q18;31170;Seq Scan;8;Outer;;3600;150000;0;0;1.0;0.0;5100.0;23;150000.0;0;0.0;0.0;0.0;0.0;Q18
Q18_98_seed_795791007;31178;Merge Join;6;Outer;;0;131527;131527;150000;6.666666666666667e-06;340522.36;343245.24;43;0.0;0;2924.614;2925.915;2857.799;2857.8;62.528;65.037;Q18;31179;Sort;7;Outer;;0;131527;131527;0;1.0;322526.4;322855.22;24;0.0;0;2753.598;2857.788;0.0;0.0;Q18;31180;Hash Join;8;Outer;;0;131527;483871;407734;6.666661317063824e-07;279098.44;311343.31;24;0.0;0;0.226;191.149;2637.913;2637.914;Q18;31185;Sort;7;Inner;;0;150000;150000;0;1.0;17995.95;18370.95;23;0.0;0;0.044;53.233;0.0;0.0;Q18;31186;Seq Scan;8;Outer;;3600;150000;0;0;1.0;0.0;5100.0;23;150000.0;0;0.0;0.0;0.0;0.0;Q18
Q18_99_seed_803995038;31194;Merge Join;6;Outer;;0;131527;131527;150000;6.666666666666667e-06;340522.36;343245.24;43;0.0;0;2876.519;2878.634;2827.269;2827.271;63.382;65.739;Q18;31195;Sort;7;Outer;;0;131527;131527;0;1.0;322526.4;322855.22;24;0.0;0;2715.492;2827.26;0.0;0.0;Q18;31196;Hash Join;8;Outer;;0;131527;483871;407734;6.666661317063824e-07;279098.44;311343.31;24;0.0;0;0.281;193.865;2603.543;2603.543;Q18;31201;Sort;7;Inner;;0;150000;150000;0;1.0;17995.95;18370.95;23;0.0;0;0.054;54.194;0.0;0.0;Q18;31202;Seq Scan;8;Outer;;3600;150000;0;0;1.0;0.0;5100.0;23;150000.0;0;0.0;0.0;0.0;0.0;Q18
Q18_9_seed_65632248;31210;Merge Join;6;Outer;;0;131527;131527;150000;6.666666666666667e-06;340522.36;343245.24;43;0.0;0;2911.86;2914.272;2843.983;2843.984;64.908;67.383;Q18;31211;Sort;7;Outer;;0;131527;131527;0;1.0;322526.4;322855.22;24;0.0;0;2721.13;2843.974;0.0;0.0;Q18;31212;Hash Join;8;Outer;;0;131527;483871;407734;6.666661317063824e-07;279098.44;311343.31;24;0.0;0;0.207;194.278;2619.312;2619.312;Q18;31217;Sort;7;Inner;;0;150000;150000;0;1.0;17995.95;18370.95;23;0.0;0;0.05;54.506;0.0;0.0;Q18;31218;Seq Scan;8;Outer;;3600;150000;0;0;1.0;0.0;5100.0;23;150000.0;0;0.0;0.0;0.0;0.0;Q18
