query_file;node_id;node_type;depth;parent_relationship;subplan_name;actual_startup_time;actual_total_time;predicted_startup_time;predicted_total_time;prediction_type
Q1_100_seed_812199069;5;Seq Scan;4;Outer;;8.824;513.974;2.2213476234030325;682.8384935733039;operator
Q1_100_seed_812199069;3;Sort;2;Outer;;913.597;913.597;1029.290417913916;1030.043745355486;pattern
Q1_100_seed_812199069;2;Gather Merge;1;Outer;;927.245;935.683;1060.3182631651985;1112.9357092690898;operator
Q1_100_seed_812199069;1;Aggregate;0;;;927.284;935.757;1066.3002943983329;1084.4071048619242;operator
Q1_104_seed_845015193;25;Seq Scan;4;Outer;;8.602;506.484;2.212875096921058;683.2588599272206;operator
Q1_104_seed_845015193;23;Sort;2;Outer;;924.764;924.765;1029.1354200291091;1029.887146133727;pattern
Q1_104_seed_845015193;22;Gather Merge;1;Outer;;939.559;943.446;1060.3068121712386;1112.9186551979428;operator
Q1_104_seed_845015193;21;Aggregate;0;;;939.597;943.505;1066.2935774092384;1084.3982227660365;operator
Q1_110_seed_894239379;60;Seq Scan;4;Outer;;9.956;516.485;2.1961340249300103;684.0794143752654;operator
Q1_110_seed_894239379;58;Sort;2;Outer;;890.106;890.107;1028.84591684821;1029.5944550048544;pattern
Q1_110_seed_894239379;57;Gather Merge;1;Outer;;904.338;909.755;1060.2854283100114;1112.8868105614142;operator
Q1_110_seed_894239379;56;Aggregate;0;;;904.36;909.793;1066.2810345008063;1084.381637145394;operator
Q1_112_seed_910647441;70;Seq Scan;4;Outer;;8.507;520.354;2.2192083291351064;682.9449600427927;operator
Q1_112_seed_910647441;68;Sort;2;Outer;;919.692;919.692;1029.250739296976;1030.0036631786518;pattern
Q1_112_seed_910647441;67;Gather Merge;1;Outer;;933.184;938.637;1060.3153316018252;1112.9313431742435;operator
Q1_112_seed_910647441;66;Aggregate;0;;;933.21;938.681;1066.2985747654088;1084.4048309247123;operator
Q1_120_seed_976279689;115;Seq Scan;4;Outer;;8.589;729.993;2.199279339202121;683.9262613145138;operator
Q1_120_seed_976279689;113;Sort;2;Outer;;1126.994;1126.995;1028.8986213194705;1029.6477608117632;pattern
Q1_120_seed_976279689;112;Gather Merge;1;Outer;;1142.004;1147.649;1060.2893209362064;1112.8926071749856;operator
Q1_120_seed_976279689;111;Aggregate;0;;;1142.062;1147.719;1066.2833177037082;1084.3846562215801;operator
Q1_131_seed_1066524030;175;Seq Scan;4;Outer;;8.2;506.505;2.198755686230233;683.9517916505338;operator
Q1_131_seed_1066524030;173;Sort;2;Outer;;897.443;897.444;1028.8897927774128;1029.6388322312273;pattern
Q1_131_seed_1066524030;172;Gather Merge;1;Outer;;911.649;919.081;1060.2886688722397;1112.8916361614492;operator
Q1_131_seed_1066524030;171;Aggregate;0;;;911.673;919.125;1066.2829352367503;1084.3841504851812;operator
Q1_137_seed_1115748216;205;Seq Scan;4;Outer;;8.608;515.857;2.2124399570456927;683.2803567198084;operator
Q1_137_seed_1115748216;203;Sort;2;Outer;;929.876;929.876;1029.1276141033525;1029.8792577441725;pattern
Q1_137_seed_1115748216;202;Gather Merge;1;Outer;;942.157;947.319;1060.3062355278023;1112.9177964226642;operator
Q1_137_seed_1115748216;201;Aggregate;0;;;942.188;947.37;1066.293239163964;1084.3977754959387;operator
Q1_142_seed_1156768371;235;Seq Scan;4;Outer;;8.103;571.166;2.198755686230233;683.9517916505338;operator
Q1_142_seed_1156768371;233;Sort;2;Outer;;979.946;979.948;1028.8897927774128;1029.6388322312273;pattern
Q1_142_seed_1156768371;232;Gather Merge;1;Outer;;993.565;999.248;1060.2886688722397;1112.8916361614492;operator
Q1_142_seed_1156768371;231;Aggregate;0;;;993.616;999.327;1066.2829352367503;1084.3841504851812;operator
Q1_146_seed_1189584495;255;Seq Scan;4;Outer;;8.732;505.091;2.21660126701241;683.074408929265;operator
Q1_146_seed_1189584495;253;Sort;2;Outer;;911.232;911.234;1029.2028799917134;1029.9553113641643;pattern
Q1_146_seed_1189584495;252;Gather Merge;1;Outer;;925.26;930.985;1060.3117957870227;1112.9260772262878;operator
Q1_146_seed_1189584495;251;Aggregate;0;;;925.313;931.056;1066.2965007013083;1084.402088318553;operator
Q1_14_seed_106652403;275;Seq Scan;4;Outer;;8.182;548.978;2.2188353571395782;682.963499270769;operator
Q1_14_seed_106652403;273;Sort;2;Outer;;970.699;970.7;1029.2438591150883;1029.9967125849876;pattern
Q1_14_seed_106652403;272;Gather Merge;1;Outer;;983.467;988.867;1060.3148232877772;1112.9305861280827;operator
Q1_14_seed_106652403;271;Aggregate;0;;;983.49;988.904;1066.298276593616;1084.404436641302;operator
Q1_16_seed_123060465;290;Seq Scan;4;Outer;;8.88;499.143;2.2146151356846957;683.1728080608751;operator
Q1_16_seed_123060465;288;Sort;2;Outer;;914.954;914.954;1029.16678512163;1029.9188407679806;pattern
Q1_16_seed_123060465;287;Gather Merge;1;Outer;;928.97;935.165;1060.3091292322422;1112.922105941669;operator
Q1_16_seed_123060465;286;Aggregate;0;;;929.007;935.221;1066.2949365472402;1084.4000199905313;operator
Q1_18_seed_139468527;300;Seq Scan;4;Outer;;8.539;563.472;2.209829165778258;683.4091453760268;operator
Q1_18_seed_139468527;298;Sort;2;Outer;;968.619;968.62;1029.08109441187;1029.8322428273432;pattern
Q1_18_seed_139468527;297;Gather Merge;1;Outer;;983.178;988.789;1060.3027990858775;1112.9126786976303;operator
Q1_18_seed_139468527;296;Aggregate;0;;;983.212;988.838;1066.2912234401276;1084.3951100599224;operator
Q1_28_seed_221508837;355;Seq Scan;4;Outer;;8.391;535.646;2.212005904453824;683.3017907919486;operator
Q1_28_seed_221508837;353;Sort;2;Outer;;947.33;947.331;1029.1198414439514;1029.8714028040522;pattern
Q1_28_seed_221508837;352;Gather Merge;1;Outer;;960.47;966.362;1060.3056613463805;1112.916941316373;operator
Q1_28_seed_221508837;351;Aggregate;0;;;960.508;966.424;1066.292902363374;1084.3973301364458;operator
Q1_37_seed_295345116;405;Seq Scan;4;Outer;;10.236;504.786;2.2162291637083973;683.0928584635751;operator
Q1_37_seed_295345116;403;Sort;2;Outer;;920.293;920.295;1029.1960946336092;1029.9484556489851;pattern
Q1_37_seed_295345116;402;Gather Merge;1;Outer;;934.981;940.838;1060.3112945024643;1112.9253306621622;operator
Q1_37_seed_295345116;401;Aggregate;0;;;935.01;940.893;1066.2962066557536;1084.4016994928293;operator
Q1_3_seed_16408062;420;Seq Scan;4;Outer;;8.637;539.128;2.2188353571395782;682.963499270769;operator
Q1_3_seed_16408062;418;Sort;2;Outer;;967.048;967.049;1029.2438591150883;1029.9967125849876;pattern
Q1_3_seed_16408062;417;Gather Merge;1;Outer;;980.753;986.666;1060.3148232877772;1112.9305861280827;operator
Q1_3_seed_16408062;416;Aggregate;0;;;980.808;986.746;1066.298276593616;1084.404436641302;operator
Q1_40_seed_319957209;425;Seq Scan;4;Outer;;8.487;510.413;2.2093936622156938;683.4305968649587;operator
Q1_40_seed_319957209;423;Sort;2;Outer;;923.292;923.292;1029.0733874232537;1029.8244531559967;pattern
Q1_40_seed_319957209;422;Gather Merge;1;Outer;;937.807;942.656;1060.302229778872;1112.9118308647953;operator
Q1_40_seed_319957209;421;Aggregate;0;;;937.835;942.709;1066.290889501858;1084.3946684869052;operator
Q1_45_seed_360977364;450;Seq Scan;4;Outer;;9.253;493.08;2.2223236371663018;682.7898470955981;operator
Q1_45_seed_360977364;448;Sort;2;Outer;;903.621;903.622;1029.3086436949625;1030.0621550801836;pattern
Q1_45_seed_360977364;447;Gather Merge;1;Outer;;917.549;922.751;1060.319609776193;1112.9377148516683;operator
Q1_45_seed_360977364;446;Aggregate;0;;;917.581;922.802;1066.3010843147367;1084.408149401274;operator
Q1_48_seed_385589457;465;Seq Scan;4;Outer;;8.566;564.149;2.2162291637083973;683.0928584635751;operator
Q1_48_seed_385589457;463;Sort;2;Outer;;982.305;982.306;1029.1960946336092;1029.9484556489851;pattern
Q1_48_seed_385589457;462;Gather Merge;1;Outer;;995.628;1001.561;1060.3112945024643;1112.9253306621622;operator
Q1_48_seed_385589457;461;Aggregate;0;;;995.661;1001.616;1066.2962066557536;1084.4016994928293;operator
Q1_63_seed_508649922;550;Seq Scan;4;Outer;;8.141;594.042;2.2060835099871974;683.5933491833209;operator
Q1_63_seed_508649922;548;Sort;2;Outer;;973.32;973.321;1029.0153002340398;1029.7657368184616;pattern
Q1_63_seed_508649922;547;Gather Merge;1;Outer;;984.233;989.655;1060.297939059661;1112.905441044288;operator
Q1_63_seed_508649922;546;Aggregate;0;;;984.254;989.69;1066.2883727123428;1084.391340495893;operator
Q1_65_seed_525057984;560;Seq Scan;4;Outer;;7.788;508.674;2.200326423272113;683.8751726121313;operator
Q1_65_seed_525057984;558;Sort;2;Outer;;912.418;912.419;1028.916339374316;1029.6656788100229;pattern
Q1_65_seed_525057984;557;Gather Merge;1;Outer;;926.674;929.305;1060.2906295787907;1112.8945559343217;operator
Q1_65_seed_525057984;556;Aggregate;0;;;926.696;929.341;1066.2840852877312;1084.3856711996407;operator
Q1_67_seed_541466046;570;Seq Scan;4;Outer;;8.119;528.201;2.221998707441124;682.8060473331736;operator
Q1_67_seed_541466046;568;Sort;2;Outer;;942.643;942.644;1029.3025679839504;1030.056018144253;pattern
Q1_67_seed_541466046;567;Gather Merge;1;Outer;;955.632;961.041;1060.3191608694876;1112.9370462685115;operator
Q1_67_seed_541466046;566;Aggregate;0;;;955.649;961.078;1066.300820987612;1084.407801192693;operator
Q1_81_seed_656322480;650;Seq Scan;4;Outer;;7.812;573.2;2.2158570221541916;683.111303261852;operator
Q1_81_seed_656322480;648;Sort;2;Outer;;969.154;969.155;1029.1893171377237;1029.9416077698227;pattern
Q1_81_seed_656322480;647;Gather Merge;1;Outer;;979.57;985.287;1060.3107938029311;1112.9245849711324;operator
Q1_81_seed_656322480;646;Aggregate;0;;;979.607;985.346;1066.295912953763;1084.4013111216116;operator
Q1_86_seed_697342635;675;Seq Scan;4;Outer;;7.891;515.649;2.202945121908424;683.7471756300293;operator
Q1_86_seed_697342635;673;Sort;2;Outer;;913.23;913.23;1028.9610294003755;1029.7108683500232;pattern
Q1_86_seed_697342635;672;Gather Merge;1;Outer;;924.059;929.456;1060.293930422468;1112.8994714263945;operator
Q1_86_seed_697342635;671;Aggregate;0;;;924.081;929.497;1066.2860214089992;1084.3882313431748;operator
Q1_88_seed_713750697;685;Seq Scan;4;Outer;;7.955;571.599;2.196659191506865;684.0538751733291;operator
Q1_88_seed_713750697;683;Sort;2;Outer;;979.94;979.94;1028.8546615025562;1029.6033001373291;pattern
Q1_88_seed_713750697;682;Gather Merge;1;Outer;;991.091;996.877;1060.2860741610712;1112.887772307846;operator
Q1_88_seed_713750697;681;Aggregate;0;;;991.11;996.909;1066.2814133202542;1084.3821380570114;operator
Q3_100_seed_812199069;4357;Seq Scan;6;Outer;;0.302;155.019;0.3211295558602758;160.59454519728902;operator
Q3_100_seed_812199069;4358;Hash;6;Inner;;29.288;29.288;12.606157178108646;12.384882293813607;pattern
Q3_100_seed_812199069;4356;Hash Join;5;Outer;;29.686;206.738;27.136679449984086;180.18829781749923;operator
Q3_100_seed_812199069;4360;Index Scan;5;Inner;;0.026;0.026;0.057001977007133;0.05619942511981338;operator
Q3_100_seed_812199069;4355;Nested Loop;4;Outer;;31.715;1151.784;10.952078601240913;1149.4636902649586;operator
Q3_100_seed_812199069;4354;Gather;3;Outer;;41.324;1157.437;292.4366416435904;1069.28156536057;operator
Q3_100_seed_812199069;4352;Sort;1;Outer;;1169.862;1171.356;1167.5522628509245;1168.7648450676281;pattern
Q3_100_seed_812199069;4351;Limit;0;;;1185.99;1187.484;1967.5326469807626;1971.3811469807617;operator
Q3_104_seed_845015193;4397;Seq Scan;6;Outer;;0.637;158.069;0.32114036567772675;160.49677640066005;operator
Q3_104_seed_845015193;4398;Hash;6;Inner;;29.839;29.839;12.606157178108646;12.384882293813607;pattern
Q3_104_seed_845015193;4396;Hash Join;5;Outer;;31.316;211.262;27.146437624133824;180.14729767997017;operator
Q3_104_seed_845015193;4400;Index Scan;5;Inner;;0.025;0.025;0.057001977007133;0.05619942511981338;operator
Q3_104_seed_845015193;4395;Nested Loop;4;Outer;;32.466;1145.716;10.971141458822359;1153.1164573763444;operator
Q3_104_seed_845015193;4394;Gather;3;Outer;;40.323;1149.986;292.36441506037323;1069.6785705361392;operator
Q3_104_seed_845015193;4392;Sort;1;Outer;;1163.557;1165.602;1167.9134831705194;1169.1283037210014;pattern
Q3_104_seed_845015193;4391;Limit;0;;;1179.729;1181.774;1967.690346803347;1971.5388468033461;operator
Q3_110_seed_894239379;4467;Seq Scan;6;Outer;;0.316;153.858;0.3211342430145493;160.5538820348986;operator
Q3_110_seed_894239379;4468;Hash;6;Inner;;29.096;29.096;12.606157178108646;12.384882293813607;pattern
Q3_110_seed_894239379;4466;Hash Join;5;Outer;;29.496;205.327;27.14005734160004;180.16962448485265;operator
Q3_110_seed_894239379;4470;Index Scan;5;Inner;;0.026;0.026;0.057001977007133;0.05619942511981338;operator
Q3_110_seed_894239379;4465;Nested Loop;4;Outer;;31.702;1152.792;10.95810924116816;1150.3303456026888;operator
Q3_110_seed_894239379;4464;Gather;3;Outer;;40.225;1160.192;292.4194086498235;1069.3757822313908;operator
Q3_110_seed_894239379;4462;Sort;1;Outer;;1169.139;1173.225;1167.5939814848073;1168.806602753097;pattern
Q3_110_seed_894239379;4461;Limit;0;;;1185.646;1189.732;1967.5506680618919;1971.399168061891;operator
Q3_112_seed_910647441;4487;Seq Scan;6;Outer;;0.226;156.649;0.32113270989623244;160.56744859399907;operator
Q3_112_seed_910647441;4488;Hash;6;Inner;;28.069;28.069;12.606157178108646;12.384882293813607;pattern
Q3_112_seed_910647441;4486;Hash Join;5;Outer;;28.992;207.821;27.13967437749764;180.17762248745612;operator
Q3_112_seed_910647441;4490;Index Scan;5;Inner;;0.027;0.027;0.057001977007133;0.05619942511981338;operator
Q3_112_seed_910647441;4485;Nested Loop;4;Outer;;30.577;1186.745;10.954941772849082;1150.748442460726;operator
Q3_112_seed_910647441;4484;Gather;3;Outer;;40.961;1194.182;292.41030136429333;1069.4219463006782;operator
Q3_112_seed_910647441;4482;Sort;1;Outer;;1204.444;1207.698;1167.6962593495884;1168.90982585487;pattern
Q3_112_seed_910647441;4481;Limit;0;;;1221.309;1224.564;1967.5951926949508;1971.44369269495;operator
Q3_120_seed_976279689;4577;Seq Scan;6;Outer;;0.336;154.489;0.3211390956087785;160.50903793598349;operator
Q3_120_seed_976279689;4578;Hash;6;Inner;;28.738;28.738;12.606157178108646;12.384882293813607;pattern
Q3_120_seed_976279689;4576;Hash Join;5;Outer;;29.176;206.216;27.143766652761812;180.14899828265789;operator
Q3_120_seed_976279689;4580;Index Scan;5;Inner;;0.025;0.026;0.057001977007133;0.05619942511981338;operator
Q3_120_seed_976279689;4575;Nested Loop;4;Outer;;31.333;1142.913;10.966774508574005;1151.2808055269277;operator
Q3_120_seed_976279689;4574;Gather;3;Outer;;39.519;1147.557;292.40102248672224;1069.4787034556896;operator
Q3_120_seed_976279689;4572;Sort;1;Outer;;1159.62;1161.623;1167.6602612568474;1168.8731864334893;pattern
Q3_120_seed_976279689;4571;Limit;0;;;1175.712;1177.715;1967.5793909805354;1971.4278909805346;operator
Q3_131_seed_1066524030;4697;Seq Scan;6;Outer;;0.253;157.063;0.32112809756721905;160.6067271809722;operator
Q3_131_seed_1066524030;4698;Hash;6;Inner;;30.006;30.006;12.606157178108646;12.384882293813607;pattern
Q3_131_seed_1066524030;4696;Hash Join;5;Outer;;30.855;210.172;27.135668918802608;180.1938962360373;operator
Q3_131_seed_1066524030;4700;Index Scan;5;Inner;;0.026;0.027;0.057001977007133;0.05619942511981338;operator
Q3_131_seed_1066524030;4695;Nested Loop;4;Outer;;34.538;1162.983;10.951294638562658;1149.20261181068;operator
Q3_131_seed_1066524030;4694;Gather;3;Outer;;42.652;1170.171;292.4420175581913;1069.2530279505295;operator
Q3_131_seed_1066524030;4692;Sort;1;Outer;;1183.498;1183.613;1167.5376022151297;1168.7501454046376;pattern
Q3_131_seed_1066524030;4691;Limit;0;;;1199.855;1199.971;1967.5263210697174;1971.3748210697165;operator
Q3_137_seed_1115748216;4757;Seq Scan;6;Outer;;0.337;154.523;0.32113692810769434;160.52944418644637;operator
Q3_137_seed_1115748216;4758;Hash;6;Inner;;30.149;30.15;12.606157178108646;12.384882293813607;pattern
Q3_137_seed_1115748216;4756;Hash Join;5;Outer;;30.582;206.722;27.142901167896298;180.1603384930636;operator
Q3_137_seed_1115748216;4760;Index Scan;5;Inner;;0.025;0.025;0.057001977007133;0.05619942511981338;operator
Q3_137_seed_1115748216;4755;Nested Loop;4;Outer;;31.451;1126.796;10.961452968651628;1151.6284774862634;operator
Q3_137_seed_1115748216;4754;Gather;3;Outer;;39.77;1130.974;292.3931496972038;1069.5173702357586;operator
Q3_137_seed_1115748216;4752;Sort;1;Outer;;1145.309;1145.422;1167.7574874401912;1168.9713186083138;pattern
Q3_137_seed_1115748216;4751;Limit;0;;;1162.458;1162.572;1967.6218693580036;1971.4703693580027;operator
Q3_142_seed_1156768371;4817;Seq Scan;6;Outer;;0.342;155.813;0.3211319323922176;160.57422729636903;operator
Q3_142_seed_1156768371;4818;Hash;6;Inner;;29.329;29.329;12.606157178108646;12.384882293813607;pattern
Q3_142_seed_1156768371;4816;Hash Join;5;Outer;;29.773;207.626;27.139111397248413;180.18073563321548;operator
Q3_142_seed_1156768371;4820;Index Scan;5;Inner;;0.026;0.026;0.057001977007133;0.05619942511981338;operator
Q3_142_seed_1156768371;4815;Nested Loop;4;Outer;;31.223;1144.374;10.953937943987953;1150.6060207529422;operator
Q3_142_seed_1156768371;4814;Gather;3;Outer;;39.795;1150.581;292.41310293792037;1069.406484292546;operator
Q3_142_seed_1156768371;4812;Sort;1;Outer;;1160.987;1164.036;1167.6897258925203;1168.9032900933778;pattern
Q3_142_seed_1156768371;4811;Limit;0;;;1176.449;1179.499;1967.5923556550001;1971.4408556549993;operator
Q3_146_seed_1189584495;4857;Seq Scan;6;Outer;;0.237;154.216;0.3211276078620242;160.61077141541958;operator
Q3_146_seed_1189584495;4858;Hash;6;Inner;;33.149;33.149;12.606157178108646;12.384882293813607;pattern
Q3_146_seed_1189584495;4856;Hash Join;5;Outer;;33.54;209.359;27.136152571165752;180.1977018143789;operator
Q3_146_seed_1189584495;4860;Index Scan;5;Inner;;0.026;0.026;0.057001977007133;0.05619942511981338;operator
Q3_146_seed_1189584495;4855;Nested Loop;4;Outer;;34.89;1160.064;10.951165593379216;1149.8879474001362;operator
Q3_146_seed_1189584495;4854;Gather;3;Outer;;44.3;1166.235;292.4276325633591;1069.328186895729;operator
Q3_146_seed_1189584495;4852;Sort;1;Outer;;1180.059;1180.18;1167.6511403810873;1168.8646100220312;pattern
Q3_146_seed_1189584495;4851;Limit;0;;;1197.485;1197.606;1967.5756169466338;1971.424116946633;operator
Q3_14_seed_106652403;4897;Seq Scan;6;Outer;;0.324;160.442;0.32112809756721905;160.6067271809722;operator
Q3_14_seed_106652403;4898;Hash;6;Inner;;29.718;29.718;12.606157178108646;12.384882293813607;pattern
Q3_14_seed_106652403;4896;Hash Join;5;Outer;;30.16;213.161;27.137322259369967;180.19782591181274;operator
Q3_14_seed_106652403;4900;Index Scan;5;Inner;;0.026;0.026;0.057001977007133;0.05619942511981338;operator
Q3_14_seed_106652403;4895;Nested Loop;4;Outer;;31.302;1167.303;10.95136333473701;1150.761937813195;operator
Q3_14_seed_106652403;4894;Gather;3;Outer;;41.994;1172.928;292.4095146595787;1069.4238695815716;operator
Q3_14_seed_106652403;4892;Sort;1;Outer;;1184.209;1186.907;1167.7782701916656;1168.9927238258535;pattern
Q3_14_seed_106652403;4891;Limit;0;;;1200.94;1203.639;1967.6311466560333;1971.4796466560324;operator
Q3_16_seed_123060465;4927;Seq Scan;6;Outer;;0.317;151.906;0.3211407846419061;160.49267977588494;operator
Q3_16_seed_123060465;4928;Hash;6;Inner;;30.288;30.288;12.606157178108646;12.384882293813607;pattern
Q3_16_seed_123060465;4926;Hash Join;5;Outer;;30.708;204.995;27.145939013717708;180.14342307130903;operator
Q3_16_seed_123060465;4930;Index Scan;5;Inner;;0.025;0.025;0.057001977007133;0.05619942511981338;operator
Q3_16_seed_123060465;4925;Nested Loop;4;Outer;;31.623;1139.233;10.97263907948252;1152.4069847777168;operator
Q3_16_seed_123060465;4924;Gather;3;Outer;;41.788;1144.518;292.3789128864022;1069.6009969214922;operator
Q3_16_seed_123060465;4922;Sort;1;Outer;;1158.061;1159.371;1167.7942401576809;1169.0080915793899;pattern
Q3_16_seed_123060465;4921;Limit;0;;;1174.293;1175.604;1967.637897795943;1971.4863977959421;operator
Q3_18_seed_139468527;4947;Seq Scan;6;Outer;;0.285;156.933;0.32113866862583573;160.5131085060428;operator
Q3_18_seed_139468527;4948;Hash;6;Inner;;30.236;30.236;12.606157178108646;12.384882293813607;pattern
Q3_18_seed_139468527;4946;Hash Join;5;Outer;;30.636;210.195;27.14490610313493;180.1543792221613;operator
Q3_18_seed_139468527;4950;Index Scan;5;Inner;;0.025;0.026;0.057001977007133;0.05619942511981338;operator
Q3_18_seed_139468527;4945;Nested Loop;4;Outer;;31.417;1160.265;10.965975764782726;1152.6003747739157;operator
Q3_18_seed_139468527;4944;Gather;3;Outer;;40.518;1166.802;292.37406048544074;1069.6229294968734;operator
Q3_18_seed_139468527;4942;Sort;1;Outer;;1177.571;1180.717;1167.8703558851353;1169.084955740006;pattern
Q3_18_seed_139468527;4941;Limit;0;;;1193.635;1196.781;1967.6713779371976;1971.5198779371967;operator
Q3_28_seed_221508837;5057;Seq Scan;6;Outer;;0.215;152.809;0.32112858718807225;160.60266046707346;operator
Q3_28_seed_221508837;5058;Hash;6;Inner;;29.078;29.078;12.606157178108646;12.384882293813607;pattern
Q3_28_seed_221508837;5056;Hash Join;5;Outer;;30.251;206.573;27.13747941202287;180.1955286749668;operator
Q3_28_seed_221508837;5060;Index Scan;5;Inner;;0.026;0.026;0.057001977007133;0.05619942511981338;operator
Q3_28_seed_221508837;5055;Nested Loop;4;Outer;;30.738;1149.455;10.951561035683056;1150.6839070125063;operator
Q3_28_seed_221508837;5054;Gather;3;Outer;;38.829;1154.342;292.4111548211274;1069.4153055459053;operator
Q3_28_seed_221508837;5052;Sort;1;Outer;;1166.884;1168.75;1167.758039733282;1168.9723095124061;pattern
Q3_28_seed_221508837;5051;Limit;0;;;1183.089;1184.955;1967.6222739143025;1971.4707739143016;operator
Q3_37_seed_295345116;5157;Seq Scan;6;Outer;;0.315;150.857;0.3211342430145493;160.5538820348986;operator
Q3_37_seed_295345116;5158;Hash;6;Inner;;26.392;26.392;12.606157178108646;12.384882293813607;pattern
Q3_37_seed_295345116;5156;Hash Join;5;Outer;;26.788;199.774;27.140873132096615;180.1715635627728;operator
Q3_37_seed_295345116;5160;Index Scan;5;Inner;;0.026;0.026;0.057001977007133;0.05619942511981338;operator
Q3_37_seed_295345116;5155;Nested Loop;4;Outer;;27.648;1141.66;10.95816643503234;1151.108660355003;operator
Q3_37_seed_295345116;5154;Gather;3;Outer;;41.413;1153.128;292.4033361512965;1069.4609520215802;operator
Q3_37_seed_295345116;5152;Sort;1;Outer;;1162.964;1167.307;1167.7135251004254;1168.9270927844934;pattern
Q3_37_seed_295345116;5151;Limit;0;;;1178.638;1182.98;1967.6027078824845;1971.4512078824837;operator
Q3_3_seed_16408062;5187;Seq Scan;6;Outer;;0.286;155.755;0.3211390956087785;160.50903793598349;operator
Q3_3_seed_16408062;5188;Hash;6;Inner;;27.379;27.379;12.606157178108646;12.384882293813607;pattern
Q3_3_seed_16408062;5186;Hash Join;5;Outer;;27.775;205.751;27.144516926053953;180.15078171562232;operator
Q3_3_seed_16408062;5190;Index Scan;5;Inner;;0.026;0.026;0.057001977007133;0.05619942511981338;operator
Q3_3_seed_16408062;5185;Nested Loop;4;Outer;;29.416;1172.703;10.966810578282193;1151.9918571523745;operator
Q3_3_seed_16408062;5184;Gather;3;Outer;;40.941;1178.917;292.3865044337906;1069.5564002676049;operator
Q3_3_seed_16408062;5182;Sort;1;Outer;;1191.382;1193.62;1167.769553680469;1168.9833418579976;pattern
Q3_3_seed_16408062;5181;Limit;0;;;1208.243;1210.481;1967.6271111366814;1971.4756111366805;operator
Q3_40_seed_319957209;5197;Seq Scan;6;Outer;;0.348;159.054;0.3211319323922176;160.57422729636903;operator
Q3_40_seed_319957209;5198;Hash;6;Inner;;28.791;28.791;12.606157178108646;12.384882293813607;pattern
Q3_40_seed_319957209;5196;Hash Join;5;Outer;;29.242;211.067;27.138368462357946;180.17896976759448;operator
Q3_40_seed_319957209;5200;Index Scan;5;Inner;;0.025;0.026;0.057001977007133;0.05619942511981338;operator
Q3_40_seed_319957209;5195;Nested Loop;4;Outer;;31.4;1138.841;10.953894820843885;1149.897418975216;operator
Q3_40_seed_319957209;5194;Gather;3;Outer;;39.78;1141.531;292.42782237936285;1069.3288838755577;operator
Q3_40_seed_319957209;5192;Sort;1;Outer;;1159.457;1159.576;1167.5807972204013;1168.7934976663455;pattern
Q3_40_seed_319957209;5191;Limit;0;;;1176.563;1176.682;1967.544974522741;1971.3934745227402;operator
Q3_45_seed_360977364;5247;Seq Scan;6;Outer;;0.351;154.929;0.3211407846419061;160.49267977588494;operator
Q3_45_seed_360977364;5248;Hash;6;Inner;;27.857;27.857;12.606157178108646;12.384882293813607;pattern
Q3_45_seed_360977364;5246;Hash Join;5;Outer;;28.316;205.86;27.146776719032516;180.14541439243908;operator
Q3_45_seed_360977364;5250;Index Scan;5;Inner;;0.025;0.025;0.057001977007133;0.05619942511981338;operator
Q3_45_seed_360977364;5245;Nested Loop;4;Outer;;29.042;1144.127;10.97267519483917;1153.2027312369066;operator
Q3_45_seed_360977364;5244;Gather;3;Outer;;38.152;1148.968;292.36290440602244;1069.6877842096426;operator
Q3_45_seed_360977364;5242;Sort;1;Outer;;1161.544;1163.272;1167.9169641651372;1169.1317791184838;pattern
Q3_45_seed_360977364;5241;Limit;0;;;1178.054;1179.783;1967.6918734512033;1971.5403734512024;operator
Q3_48_seed_385589457;5277;Seq Scan;6;Outer;;0.332;154.085;0.32113823680307985;160.51719948955395;operator
Q3_48_seed_385589457;5278;Hash;6;Inner;;27.894;27.894;12.606157178108646;12.384882293813607;pattern
Q3_48_seed_385589457;5276;Hash Join;5;Outer;;28.33;204.825;27.144566981509186;180.15625895712174;operator
Q3_48_seed_385589457;5280;Index Scan;5;Inner;;0.025;0.025;0.057001977007133;0.05619942511981338;operator
Q3_48_seed_385589457;5275;Nested Loop;4;Outer;;29.087;1146.269;10.965126932383384;1152.5138444405227;operator
Q3_48_seed_385589457;5274;Gather;3;Outer;;39.552;1153.045;292.37568686804235;1069.613593588167;operator
Q3_48_seed_385589457;5272;Sort;1;Outer;;1165.982;1167.209;1167.8639888599607;1169.0785575096727;pattern
Q3_48_seed_385589457;5271;Limit;0;;;1182.204;1183.432;1967.6685851085979;1971.517085108597;operator
Q3_63_seed_508649922;5447;Seq Scan;6;Outer;;0.28;157.046;0.3211378046860087;160.52126782539528;operator
Q3_63_seed_508649922;5448;Hash;6;Inner;;29.849;29.849;12.606157178108646;12.384882293813607;pattern
Q3_63_seed_508649922;5446;Hash Join;5;Outer;;30.226;209.778;27.14349930707857;180.1563920684415;operator
Q3_63_seed_508649922;5450;Index Scan;5;Inner;;0.026;0.026;0.057001977007133;0.05619942511981338;operator
Q3_63_seed_508649922;5445;Nested Loop;4;Outer;;31.959;1182.083;10.964234524776344;1151.7314009201018;operator
Q3_63_seed_508649922;5444;Gather;3;Outer;;42.528;1187.203;292.39144347339237;1069.5282698901544;operator
Q3_63_seed_508649922;5442;Sort;1;Outer;;1199.879;1201.507;1167.7504650128733;1168.9641594600796;pattern
Q3_63_seed_508649922;5441;Limit;0;;;1215.876;1217.504;1967.6187831213908;1971.46728312139;operator
Q3_65_seed_525057984;5467;Seq Scan;6;Outer;;0.206;162.385;0.32113593304424426;160.53860499447964;operator
Q3_65_seed_525057984;5468;Hash;6;Inner;;31.226;31.226;12.606157178108646;12.384882293813607;pattern
Q3_65_seed_525057984;5466;Hash Join;5;Outer;;31.948;216.678;27.14297920065519;180.16653871554433;operator
Q3_65_seed_525057984;5470;Index Scan;5;Inner;;0.026;0.026;0.057001977007133;0.05619942511981338;operator
Q3_65_seed_525057984;5465;Nested Loop;4;Outer;;32.751;1165.128;10.960100009445;1152.226611718672;operator
Q3_65_seed_525057984;5464;Gather;3;Outer;;41.026;1170.086;292.3807858169996;1069.5828692456498;operator
Q3_65_seed_525057984;5462;Sort;1;Outer;;1184.271;1184.377;1167.8641269141247;1169.0788330034882;pattern
Q3_65_seed_525057984;5461;Limit;0;;;1200.508;1200.614;1967.6686946696675;1971.5171946696667;operator
Q3_67_seed_541466046;5487;Seq Scan;6;Outer;;0.319;155.925;0.321133480097306;160.56066684302343;operator
Q3_67_seed_541466046;5488;Hash;6;Inner;;28.666;28.667;12.606157178108646;12.384882293813607;pattern
Q3_67_seed_541466046;5486;Hash Join;5;Outer;;29.103;207.57;27.140310181023352;180.17468055218023;operator
Q3_67_seed_541466046;5490;Index Scan;5;Inner;;0.026;0.026;0.057001977007133;0.05619942511981338;operator
Q3_67_seed_541466046;5485;Nested Loop;4;Outer;;30.081;1152.637;10.956111256326068;1150.9618815230938;operator
Q3_67_seed_541466046;5484;Gather;3;Outer;;38.902;1158.172;292.40606503459867;1069.4451534488128;operator
Q3_67_seed_541466046;5482;Sort;1;Outer;;1170.766;1172.86;1167.7135330964186;1168.9271857678311;pattern
Q3_67_seed_541466046;5481;Limit;0;;;1186.786;1188.881;1967.602719841514;1971.4512198415132;operator
Q3_81_seed_656322480;5647;Seq Scan;6;Outer;;0.261;153.974;0.3211342430145493;160.5538820348986;operator
Q3_81_seed_656322480;5648;Hash;6;Inner;;30.729;30.73;12.606157178108646;12.384882293813607;pattern
Q3_81_seed_656322480;5646;Hash Join;5;Outer;;31.462;207.709;27.14005734160004;180.16962448485265;operator
Q3_81_seed_656322480;5650;Index Scan;5;Inner;;0.026;0.026;0.057001977007133;0.05619942511981338;operator
Q3_81_seed_656322480;5645;Nested Loop;4;Outer;;33.622;1158.884;10.95810924116816;1150.3303456026888;operator
Q3_81_seed_656322480;5644;Gather;3;Outer;;41.944;1163.551;292.4194086498235;1069.3757822313908;operator
Q3_81_seed_656322480;5642;Sort;1;Outer;;1176.395;1178.794;1167.5939814848073;1168.806602753097;pattern
Q3_81_seed_656322480;5641;Limit;0;;;1192.626;1195.025;1967.5506680618919;1971.399168061891;operator
Q3_86_seed_697342635;5697;Seq Scan;6;Outer;;0.205;157.744;0.3211290715758519;160.5986140794353;operator
Q3_86_seed_697342635;5698;Hash;6;Inner;;30.512;30.512;12.606157178108646;12.384882293813607;pattern
Q3_86_seed_697342635;5696;Hash Join;5;Outer;;31.652;211.413;27.13716326056499;180.19211985901904;operator
Q3_86_seed_697342635;5700;Index Scan;5;Inner;;0.027;0.027;0.057001977007133;0.05619942511981338;operator
Q3_86_seed_697342635;5695;Nested Loop;4;Outer;;33.486;1179.217;10.951767645356028;1150.1505714900209;operator
Q3_86_seed_697342635;5694;Gather;3;Outer;;41.358;1185.955;292.42224471245686;1069.3568848642212;operator
Q3_86_seed_697342635;5692;Sort;1;Outer;;1196.461;1199.504;1167.6676111464374;1168.8811412556934;pattern
Q3_86_seed_697342635;5691;Limit;0;;;1214.077;1217.12;1967.5827652942935;1971.4312652942926;operator
Q3_88_seed_713750697;5717;Seq Scan;6;Outer;;0.296;153.089;0.32112711288756013;160.6148359684207;operator
Q3_88_seed_713750697;5718;Hash;6;Inner;;29.722;29.722;12.606157178108646;12.384882293813607;pattern
Q3_88_seed_713750697;5716;Hash Join;5;Outer;;30.129;205.932;27.136468829208198;180.20112291858277;operator
Q3_88_seed_713750697;5720;Index Scan;5;Inner;;0.025;0.026;0.057001977007133;0.05619942511981338;operator
Q3_88_seed_713750697;5715;Nested Loop;4;Outer;;30.689;1137.836;10.951063332521628;1150.4195948360543;operator
Q3_88_seed_713750697;5714;Gather;3;Outer;;38.951;1141.869;292.41655643208367;1069.3864344325723;operator
Q3_88_seed_713750697;5712;Sort;1;Outer;;1155.051;1157.666;1167.741348930047;1168.9555572121192;pattern
Q3_88_seed_713750697;5711;Limit;0;;;1171.602;1174.218;1967.6149978727217;1971.4634978727208;operator
Q4_100_seed_812199069;5856;Seq Scan;5;Outer;;0.07;165.092;0.24638395839504107;164.6071356965496;operator
Q4_100_seed_812199069;5857;Index Scan;5;Inner;;0.063;0.063;0.06168042947780228;0.05767189288242702;operator
Q4_100_seed_812199069;5855;Nested Loop;4;Outer;;2.255;1055.337;19.000381201940655;1084.564463489968;operator
Q4_100_seed_812199069;5853;Sort;2;Outer;;1057.301;1057.302;1048.3353913919811;1048.8099195265172;pattern
Q4_100_seed_812199069;5852;Gather Merge;1;Outer;;1061.149;1061.901;1125.0162669563354;1115.0589554333612;operator
Q4_100_seed_812199069;5851;Aggregate;0;;;1061.153;1061.905;1079.1519669724075;1097.8860212460165;operator
Q4_104_seed_845015193;5884;Seq Scan;5;Outer;;0.071;162.028;0.2464742279051768;164.59674777021627;operator
Q4_104_seed_845015193;5885;Index Scan;5;Inner;;0.06;0.06;0.06168042975021998;0.05767189288242702;operator
Q4_104_seed_845015193;5883;Nested Loop;4;Outer;;0.951;1026.35;19.000468731456024;1085.53815901451;operator
Q4_104_seed_845015193;5881;Sort;2;Outer;;1028.401;1028.402;1048.3968029234363;1048.8713269709397;pattern
Q4_104_seed_845015193;5880;Gather Merge;1;Outer;;1031.172;1033.354;1125.0218705444454;1115.0660251014833;operator
Q4_104_seed_845015193;5879;Aggregate;0;;;1031.176;1033.359;1079.1548892904066;1097.8898445424145;operator
Q4_110_seed_894239379;5933;Seq Scan;5;Outer;;0.072;166.816;0.24636780417299886;164.60899544298482;operator
Q4_110_seed_894239379;5934;Index Scan;5;Inner;;0.061;0.061;0.06168042947780228;0.05767189288242702;operator
Q4_110_seed_894239379;5932;Nested Loop;4;Outer;;1.482;1050.162;19.000369053073854;1084.3917601478975;operator
Q4_110_seed_894239379;5930;Sort;2;Outer;;1052.145;1052.145;1048.32440065982;1048.7989298660648;pattern
Q4_110_seed_894239379;5929;Gather Merge;1;Outer;;1054.892;1056.682;1125.0152641618013;1115.0576903221604;operator
Q4_110_seed_894239379;5928;Aggregate;0;;;1054.895;1056.686;1079.1514440177643;1097.8853370624722;operator
Q4_112_seed_910647441;5947;Seq Scan;5;Outer;;0.158;164.351;0.24631232476903014;164.61538426234355;operator
Q4_112_seed_910647441;5948;Index Scan;5;Inner;;0.062;0.062;0.06168042927412709;0.05767189288242702;operator
Q4_112_seed_910647441;5946;Nested Loop;4;Outer;;0.654;1041.015;19.000789294225967;1083.8022603762063;operator
Q4_112_seed_910647441;5944;Sort;2;Outer;;1042.917;1042.917;1048.287069862816;1048.7616034696932;pattern
Q4_112_seed_910647441;5943;Gather Merge;1;Outer;;1045.079;1048.724;1125.011858260912;1115.053393592637;operator
Q4_112_seed_910647441;5942;Aggregate;0;;;1045.083;1048.729;1079.1496678747649;1097.8830133346082;operator
Q4_120_seed_976279689;6010;Seq Scan;5;Outer;;0.147;164.765;0.24631706468502118;164.6148383219355;operator
Q4_120_seed_976279689;6011;Index Scan;5;Inner;;0.063;0.063;0.06168042927412709;0.05767189288242702;operator
Q4_120_seed_976279689;6009;Nested Loop;4;Outer;;1.03;1034.394;19.000805340523755;1083.8524038827347;operator
Q4_120_seed_976279689;6007;Sort;2;Outer;;1036.343;1036.343;1048.2902320297103;1048.7647652560183;pattern
Q4_120_seed_976279689;6006;Gather Merge;1;Outer;;1040.079;1042.286;1125.0121467554293;1115.0537575378269;operator
Q4_120_seed_976279689;6005;Aggregate;0;;;1040.082;1042.291;1079.1498183202445;1097.8832101620221;operator
Q4_131_seed_1066524030;6094;Seq Scan;5;Outer;;0.068;165.898;0.24639203584399877;164.60620587223278;operator
Q4_131_seed_1066524030;6095;Index Scan;5;Inner;;0.062;0.062;0.061680429546513815;0.05767189288242702;operator
Q4_131_seed_1066524030;6093;Nested Loop;4;Outer;;0.368;1058.819;18.999808937460713;1084.6509959965706;operator
Q4_131_seed_1066524030;6091;Sort;2;Outer;;1060.883;1060.884;1048.3407276607943;1048.8152551389417;pattern
Q4_131_seed_1066524030;6090;Gather Merge;1;Outer;;1063.497;1065.537;1125.0167538374822;1115.0595696807607;operator
Q4_131_seed_1066524030;6089;Aggregate;0;;;1063.501;1065.542;1079.152220880824;1097.886353435688;operator
Q4_137_seed_1115748216;6136;Seq Scan;5;Outer;;0.07;164.571;0.24643646583448442;164.60109242058266;operator
Q4_137_seed_1115748216;6137;Index Scan;5;Inner;;0.062;0.062;0.06168042968274273;0.05767189288242702;operator
Q4_137_seed_1115748216;6135;Nested Loop;4;Outer;;0.744;1050.495;19.00013366167228;1085.1290668839138;operator
Q4_137_seed_1115748216;6133;Sort;2;Outer;;1052.45;1052.451;1048.3709801231605;1048.8455054458484;pattern
Q4_137_seed_1115748216;6132;Gather Merge;1;Outer;;1055.423;1057.071;1125.0195142191426;1115.0630522311242;operator
Q4_137_seed_1115748216;6131;Aggregate;0;;;1055.428;1057.077;1079.1536604342843;1097.8882368148313;operator
Q4_142_seed_1156768371;6178;Seq Scan;5;Outer;;0.141;164.284;0.246345681369039;164.6115426988002;operator
Q4_142_seed_1156768371;6179;Index Scan;5;Inner;;0.064;0.064;0.06168042941022778;0.05767189288242702;operator
Q4_142_seed_1156768371;6177;Nested Loop;4;Outer;;1.093;1082.426;19.000683600258526;1084.1560173767402;operator
Q4_142_seed_1156768371;6175;Sort;2;Outer;;1084.471;1084.471;1048.3095457890552;1048.784076648757;pattern
Q4_142_seed_1156768371;6174;Gather Merge;1;Outer;;1086.973;1089.013;1125.013908839549;1115.0559804896473;operator
Q4_142_seed_1156768371;6173;Aggregate;0;;;1086.977;1089.018;1079.150737226215;1097.8844123658446;operator
Q4_146_seed_1189584495;6206;Seq Scan;5;Outer;;0.096;164.601;0.24636991119347096;164.608752859961;operator
Q4_146_seed_1189584495;6207;Index Scan;5;Inner;;0.063;0.063;0.06168042947780228;0.05767189288242702;operator
Q4_146_seed_1189584495;6205;Nested Loop;4;Outer;;0.323;1065.062;19.001282049313588;1084.4142592685125;operator
Q4_146_seed_1189584495;6203;Sort;2;Outer;;1067.028;1067.029;1048.3259355402827;1048.8004649559368;pattern
Q4_146_seed_1189584495;6202;Gather Merge;1;Outer;;1073.177;1073.305;1125.0154042196755;1115.0578670163125;operator
Q4_146_seed_1189584495;6201;Aggregate;0;;;1073.18;1073.31;1079.1515170573653;1097.8854326204055;operator
Q4_14_seed_106652403;6234;Seq Scan;5;Outer;;0.074;162.426;0.24642188923667063;164.60276984760117;operator
Q4_14_seed_106652403;6235;Index Scan;5;Inner;;0.062;0.062;0.0616804296144669;0.05767189288242702;operator
Q4_14_seed_106652403;6233;Nested Loop;4;Outer;;0.397;1053.521;19.000508306320498;1084.9718312006496;operator
Q4_14_seed_106652403;6231;Sort;2;Outer;;1056.304;1056.304;1048.3610868440103;1048.8356129908398;pattern
Q4_14_seed_106652403;6230;Gather Merge;1;Outer;;1058.977;1060.856;1125.0186114995672;1115.0619133309658;operator
Q4_14_seed_106652403;6229;Aggregate;0;;;1058.98;1060.86;1079.1531896585036;1097.887620894411;operator
Q4_16_seed_123060465;6255;Seq Scan;5;Outer;;0.068;160.637;0.2464794974243122;164.59614159630613;operator
Q4_16_seed_123060465;6256;Index Scan;5;Inner;;0.061;0.061;0.06168042975021998;0.05767189288242702;operator
Q4_16_seed_123060465;6254;Nested Loop;4;Outer;;0.243;1024.58;18.999860273422314;1085.595446471364;operator
Q4_16_seed_123060465;6252;Sort;2;Outer;;1026.526;1026.527;1048.4003261031864;1048.8748497660351;pattern
Q4_16_seed_123060465;6251;Gather Merge;1;Outer;;1033.768;1033.83;1125.022192031539;1115.0664307134705;operator
Q4_16_seed_123060465;6250;Aggregate;0;;;1033.772;1033.835;1079.1550569517965;1097.8900638962612;operator
Q4_18_seed_139468527;6269;Seq Scan;5;Outer;;0.187;162.326;0.24634199439848037;164.6119672652454;operator
Q4_18_seed_139468527;6270;Index Scan;5;Inner;;0.063;0.063;0.06168042941022778;0.05767189288242702;operator
Q4_18_seed_139468527;6268;Nested Loop;4;Outer;;0.681;1046.177;19.000540620269916;1084.1168155382134;operator
Q4_18_seed_139468527;6266;Sort;2;Outer;;1048.226;1048.227;1048.3070127093445;1048.781543812768;pattern
Q4_18_seed_139468527;6265;Gather Merge;1;Outer;;1050.672;1052.839;1125.013677728873;1115.05568893018;operator
Q4_18_seed_139468527;6264;Aggregate;0;;;1050.676;1052.844;1079.1506167041455;1097.8842546867747;operator
Q4_28_seed_221508837;6346;Seq Scan;5;Outer;;0.066;167.586;0.24641714760959677;164.60331553946486;operator
Q4_28_seed_221508837;6347;Index Scan;5;Inner;;0.064;0.064;0.0616804296144669;0.05767189288242702;operator
Q4_28_seed_221508837;6345;Nested Loop;4;Outer;;0.926;1068.818;19.000492624761208;1084.9207658695468;operator
Q4_28_seed_221508837;6343;Sort;2;Outer;;1070.929;1070.929;1048.3577834262085;1048.832309853325;pattern
Q4_28_seed_221508837;6342;Gather Merge;1;Outer;;1074.897;1077.035;1125.0183100800625;1115.0615330529538;operator
Q4_28_seed_221508837;6341;Aggregate;0;;;1074.901;1077.039;1079.1530324663283;1097.8874152385586;operator
Q4_37_seed_295345116;6416;Seq Scan;5;Outer;;0.073;163.899;0.24636780417299886;164.60899544298482;operator
Q4_37_seed_295345116;6417;Index Scan;5;Inner;;0.06;0.06;0.06168042947780228;0.05767189288242702;operator
Q4_37_seed_295345116;6415;Nested Loop;4;Outer;;1.772;1027.662;19.000369053073854;1084.3917601478975;operator
Q4_37_seed_295345116;6413;Sort;2;Outer;;1029.619;1029.62;1048.32440065982;1048.7989298660648;pattern
Q4_37_seed_295345116;6412;Gather Merge;1;Outer;;1032.795;1035.0;1125.0152641618013;1115.0576903221604;operator
Q4_37_seed_295345116;6411;Aggregate;0;;;1032.798;1035.005;1079.1514440177643;1097.8853370624722;operator
Q4_3_seed_16408062;6437;Seq Scan;5;Outer;;0.221;167.029;0.24639431864185268;164.60594310170137;operator
Q4_3_seed_16408062;6438;Index Scan;5;Inner;;0.063;0.063;0.061680429546513815;0.05767189288242702;operator
Q4_3_seed_16408062;6436;Nested Loop;4;Outer;;0.774;1070.05;19.000501903695522;1084.6754726383504;operator
Q4_3_seed_16408062;6434;Sort;2;Outer;;1072.142;1072.142;1048.3423582895502;1048.8168859007894;pattern
Q4_3_seed_16408062;6433;Gather Merge;1;Outer;;1074.355;1076.906;1125.0169026320657;1115.0597574001101;operator
Q4_3_seed_16408062;6432;Aggregate;0;;;1074.36;1076.912;1079.1522984773276;1097.8864549556306;operator
Q4_40_seed_319957209;6444;Seq Scan;5;Outer;;0.068;173.329;0.246345681369039;164.6115426988002;operator
Q4_40_seed_319957209;6445;Index Scan;5;Inner;;0.066;0.066;0.06168042941022778;0.05767189288242702;operator
Q4_40_seed_319957209;6443;Nested Loop;4;Outer;;1.717;1115.893;19.000683600258526;1084.1560173767402;operator
Q4_40_seed_319957209;6441;Sort;2;Outer;;1117.866;1117.867;1048.3095457890552;1048.784076648757;pattern
Q4_40_seed_319957209;6440;Gather Merge;1;Outer;;1120.44;1122.504;1125.013908839549;1115.0559804896473;operator
Q4_40_seed_319957209;6439;Aggregate;0;;;1120.443;1122.508;1079.150737226215;1097.8844123658446;operator
Q4_45_seed_360977364;6479;Seq Scan;5;Outer;;0.064;163.857;0.24648388876203142;164.59563646192532;operator
Q4_45_seed_360977364;6480;Index Scan;5;Inner;;0.062;0.062;0.061680429818519844;0.05767189288242702;operator
Q4_45_seed_360977364;6478;Nested Loop;4;Outer;;0.2;1058.073;19.000291616479757;1085.6432241618136;operator
Q4_45_seed_360977364;6476;Sort;2;Outer;;1060.073;1060.073;1048.403392606111;1048.8779163048162;pattern
Q4_45_seed_360977364;6475;Gather Merge;1;Outer;;1066.36;1066.419;1125.0224718656013;1115.0667837740912;operator
Q4_45_seed_360977364;6474;Aggregate;0;;;1066.364;1066.424;1079.1552028906517;1097.8902548302738;operator
Q4_48_seed_385589457;6500;Seq Scan;5;Outer;;0.068;164.909;0.24644542290273908;164.6000617649033;operator
Q4_48_seed_385589457;6501;Index Scan;5;Inner;;0.061;0.061;0.06168042968274273;0.05767189288242702;operator
Q4_48_seed_385589457;6499;Nested Loop;4;Outer;;0.233;1037.225;18.999658374203236;1085.2258735328016;operator
Q4_48_seed_385589457;6497;Sort;2;Outer;;1039.154;1039.154;1048.3769737145672;1048.8514985158426;pattern
Q4_48_seed_385589457;6496;Gather Merge;1;Outer;;1043.87;1043.964;1125.0200611145074;1115.063742217576;operator
Q4_48_seed_385589457;6495;Aggregate;0;;;1043.874;1043.969;1079.1539456460998;1097.8886099605127;operator
Q4_63_seed_508649922;6619;Seq Scan;5;Outer;;0.06;162.893;0.24647879481543694;164.59622241870383;operator
Q4_63_seed_508649922;6620;Index Scan;5;Inner;;0.061;0.061;0.06168042975021998;0.05767189288242702;operator
Q4_63_seed_508649922;6618;Nested Loop;4;Outer;;1.241;1041.44;19.0006919953165;1085.5878052566316;operator
Q4_63_seed_508649922;6616;Sort;2;Outer;;1043.464;1043.464;1048.3998542052977;1048.8743782681795;pattern
Q4_63_seed_508649922;6615;Gather Merge;1;Outer;;1046.836;1048.506;1125.022148987067;1115.0663764052856;operator
Q4_63_seed_508649922;6614;Aggregate;0;;;1046.84;1048.511;1079.155034503299;1097.890034526558;operator
Q4_65_seed_525057984;6633;Seq Scan;5;Outer;;0.144;169.982;0.24645859556568;164.59854616734518;operator
Q4_65_seed_525057984;6634;Index Scan;5;Inner;;0.064;0.064;0.06168042975021998;0.05767189288242702;operator
Q4_65_seed_525057984;6632;Nested Loop;4;Outer;;0.4;1083.2;18.99983043958902;1085.368500786113;operator
Q4_65_seed_525057984;6630;Sort;2;Outer;;1085.173;1085.173;1048.3860153952035;1048.860539737381;pattern
Q4_65_seed_525057984;6629;Gather Merge;1;Outer;;1087.098;1089.386;1125.0208861624155;1115.0647831411088;operator
Q4_65_seed_525057984;6628;Aggregate;0;;;1087.102;1089.391;1079.154375919352;1097.8891728921396;operator
Q4_67_seed_541466046;6647;Seq Scan;5;Outer;;0.228;163.993;0.24643716833942225;164.60101158339526;operator
Q4_67_seed_541466046;6648;Index Scan;5;Inner;;0.062;0.062;0.06168042968274273;0.05767189288242702;operator
Q4_67_seed_541466046;6646;Nested Loop;4;Outer;;1.123;1052.426;19.000431717761586;1085.1366542891792;operator
Q4_67_seed_541466046;6644;Sort;2;Outer;;1054.497;1054.497;1048.3714784697904;1048.846003887249;pattern
Q4_67_seed_541466046;6643;Gather Merge;1;Outer;;1056.396;1058.882;1125.0195596977317;1115.0631096086856;operator
Q4_67_seed_541466046;6642;Aggregate;0;;;1056.4;1058.886;1079.1536841518193;1097.8882678447274;operator
Q4_81_seed_656322480;6759;Seq Scan;5;Outer;;0.073;166.722;0.246391509046813;164.606266511947;operator
Q4_81_seed_656322480;6760;Index Scan;5;Inner;;0.062;0.062;0.061680429546513815;0.05767189288242702;operator
Q4_81_seed_656322480;6758;Nested Loop;4;Outer;;0.503;1064.345;19.00044964822051;1084.6453489041394;operator
Q4_81_seed_656322480;6756;Sort;2;Outer;;1066.313;1066.313;1048.3404745682192;1048.8150023042112;pattern
Q4_81_seed_656322480;6755;Gather Merge;1;Outer;;1068.77;1070.933;1125.01673075557;1115.059540560633;operator
Q4_81_seed_656322480;6754;Aggregate;0;;;1068.774;1070.938;1079.1522088435947;1097.8863376873153;operator
Q4_86_seed_697342635;6794;Seq Scan;5;Outer;;0.071;168.604;0.2464445447471052;164.60016280781304;operator
Q4_86_seed_697342635;6795;Index Scan;5;Inner;;0.061;0.061;0.06168042968274273;0.05767189288242702;operator
Q4_86_seed_697342635;6793;Nested Loop;4;Outer;;1.074;1046.397;19.000708858932782;1085.2163762380478;operator
Q4_86_seed_697342635;6791;Sort;2;Outer;;1048.428;1048.429;1048.3765577961683;1048.8510829977747;pattern
Q4_86_seed_697342635;6790;Gather Merge;1;Outer;;1051.095;1053.551;1125.020023179783;1115.063694357379;operator
Q4_86_seed_697342635;6789;Aggregate;0;;;1051.099;1053.556;1079.1539258627013;1097.888584077671;operator
Q4_88_seed_713750697;6808;Seq Scan;5;Outer;;0.061;172.441;0.24640924507191264;164.60422505081232;operator
Q4_88_seed_713750697;6809;Index Scan;5;Inner;;0.066;0.066;0.061680429546513815;0.05767189288242702;operator
Q4_88_seed_713750697;6807;Nested Loop;4;Outer;;0.973;1113.965;18.999699493208183;1084.8357484492083;operator
Q4_88_seed_713750697;6805;Sort;2;Outer;;1115.956;1115.957;1048.3523916649203;1048.8269181435887;pattern
Q4_88_seed_713750697;6804;Gather Merge;1;Outer;;1119.313;1121.376;1125.01781809497;1115.0609123556246;operator
Q4_88_seed_713750697;6803;Aggregate;0;;;1119.317;1121.382;1079.1527758936463;1097.8870795625267;operator
Q5_100_seed_812199069;6915;Seq Scan;12;Outer;;0.009;0.01;0.05178741705361972;6.6578590510962385;operator
Q5_100_seed_812199069;6916;Hash;12;Inner;;0.219;0.219;0.03292925785192935;0.030468814398730615;pattern
Q5_100_seed_812199069;6914;Hash Join;11;Outer;;0.236;0.238;2.1523860649032116;66.18618744499759;operator
Q5_100_seed_812199069;6912;Seq Scan;10;Outer;;0.013;32.589;0.25102680310939346;31.367810885988177;operator
Q5_100_seed_812199069;6913;Hash;10;Inner;;0.24;0.241;18.126327374733336;18.127357419895475;operator
Q5_100_seed_812199069;6911;Hash Join;9;Outer;;0.265;34.168;5.227320025987908;75.97343272793705;operator
Q5_100_seed_812199069;6909;Seq Scan;8;Outer;;0.094;166.547;0.19515305194185956;163.39290310048176;operator
Q5_100_seed_812199069;6910;Hash;8;Inner;;35.16;35.161;29.281723364747876;29.28210062778132;operator
Q5_100_seed_812199069;6908;Hash Join;7;Outer;;36.636;215.92;28.6760106814815;184.6829043322358;operator
Q5_100_seed_812199069;6918;Index Scan;7;Inner;;0.068;0.072;0.06859238746358026;0.061214898948243;operator
Q5_100_seed_812199069;6907;Nested Loop;6;Outer;;37.535;1040.914;53.24097961601858;1076.8956444485516;operator
Q5_100_seed_812199069;6919;Hash;6;Inner;;2.504;2.505;0.7695368965271534;0.8182721757808551;pattern
Q5_100_seed_812199069;6906;Hash Join;5;Outer;;41.193;1051.53;55.37131035832439;1101.2916273048922;operator
Q5_100_seed_812199069;6905;Sort;4;Outer;;1052.012;1052.05;1075.456528716626;1076.8696035393266;operator
Q5_100_seed_812199069;6904;Aggregate;3;Outer;;1052.074;1052.299;1059.5054531908036;1073.3115947056272;operator
Q5_100_seed_812199069;6903;Gather Merge;2;Outer;;1055.336;1057.694;1126.667172231195;1117.1633620177076;operator
Q5_100_seed_812199069;6901;Sort;0;;;1055.598;1057.72;1082.5801634901331;1084.076878674748;pattern
Q5_104_seed_845015193;6995;Seq Scan;12;Outer;;0.014;0.014;0.05178741705361972;6.6578590510962385;operator
Q5_104_seed_845015193;6996;Hash;12;Inner;;0.152;0.152;0.03292925785192935;0.030468814398730615;pattern
Q5_104_seed_845015193;6994;Hash Join;11;Outer;;0.171;0.173;2.1523860649032116;66.18618744499759;operator
Q5_104_seed_845015193;6992;Seq Scan;10;Outer;;0.165;33.918;0.25102680310939346;31.367810885988177;operator
Q5_104_seed_845015193;6993;Hash;10;Inner;;0.176;0.177;18.126327374733336;18.127357419895475;operator
Q5_104_seed_845015193;6991;Hash Join;9;Outer;;0.351;35.454;5.227320025987908;75.97343272793705;operator
Q5_104_seed_845015193;6989;Seq Scan;8;Outer;;0.247;166.389;0.19515305194185956;163.39290310048176;operator
Q5_104_seed_845015193;6990;Hash;8;Inner;;37.233;37.234;29.281723364747876;29.28210062778132;operator
Q5_104_seed_845015193;6988;Hash Join;7;Outer;;37.733;216.462;28.6760106814815;184.6829043322358;operator
Q5_104_seed_845015193;6998;Index Scan;7;Inner;;0.069;0.073;0.06859238746358026;0.061214898948243;operator
Q5_104_seed_845015193;6987;Nested Loop;6;Outer;;37.985;1057.074;53.24097961601858;1076.8956444485516;operator
Q5_104_seed_845015193;6999;Hash;6;Inner;;2.508;2.508;0.7695368965271534;0.8182721757808551;pattern
Q5_104_seed_845015193;6986;Hash Join;5;Outer;;42.462;1067.753;55.37131035832439;1101.2916273048922;operator
Q5_104_seed_845015193;6985;Sort;4;Outer;;1068.216;1068.25;1075.456528716626;1076.8696035393266;operator
Q5_104_seed_845015193;6984;Aggregate;3;Outer;;1068.287;1068.504;1059.5054531908036;1073.3115947056272;operator
Q5_104_seed_845015193;6983;Gather Merge;2;Outer;;1071.181;1073.493;1126.667172231195;1117.1633620177076;operator
Q5_104_seed_845015193;6981;Sort;0;;;1071.413;1073.514;1082.5801634901331;1084.076878674748;pattern
Q5_110_seed_894239379;7135;Seq Scan;12;Outer;;0.008;0.008;0.05178741705361972;6.6578590510962385;operator
Q5_110_seed_894239379;7136;Hash;12;Inner;;0.056;0.056;0.03292925785192935;0.030468814398730615;pattern
Q5_110_seed_894239379;7134;Hash Join;11;Outer;;0.069;0.071;2.1523860649032116;66.18618744499759;operator
Q5_110_seed_894239379;7132;Seq Scan;10;Outer;;0.01;29.19;0.25102680310939346;31.367810885988177;operator
Q5_110_seed_894239379;7133;Hash;10;Inner;;0.073;0.074;18.126327374733336;18.127357419895475;operator
Q5_110_seed_894239379;7131;Hash Join;9;Outer;;0.093;30.618;5.227320025987908;75.97343272793705;operator
Q5_110_seed_894239379;7129;Seq Scan;8;Outer;;0.258;168.345;0.19513153777598402;163.3894193592441;operator
Q5_110_seed_894239379;7130;Hash;8;Inner;;31.308;31.309;29.281723364747876;29.28210062778132;operator
Q5_110_seed_894239379;7128;Hash Join;7;Outer;;31.629;212.209;28.676565651535896;184.68192035915536;operator
Q5_110_seed_894239379;7138;Index Scan;7;Inner;;0.069;0.073;0.06859238746358026;0.061214898948243;operator
Q5_110_seed_894239379;7127;Nested Loop;6;Outer;;31.858;1041.342;53.24042197450255;1076.951565599416;operator
Q5_110_seed_894239379;7139;Hash;6;Inner;;6.3;6.3;0.7695368965271534;0.8182721757808551;pattern
Q5_110_seed_894239379;7126;Hash Join;5;Outer;;39.863;1055.67;55.371829476839686;1101.3133379627234;operator
Q5_110_seed_894239379;7125;Sort;4;Outer;;1056.108;1056.143;1075.4582805284178;1076.8713557392132;operator
Q5_110_seed_894239379;7124;Aggregate;3;Outer;;1056.171;1056.388;1059.50626064294;1073.3126162659823;operator
Q5_110_seed_894239379;7123;Gather Merge;2;Outer;;1059.678;1060.747;1126.6672579901772;1117.1634722032577;operator
Q5_110_seed_894239379;7121;Sort;0;;;1059.911;1060.766;1082.58605838552;1084.082774222098;pattern
Q5_112_seed_910647441;7175;Seq Scan;12;Outer;;0.008;0.008;0.05178741705361972;6.6578590510962385;operator
Q5_112_seed_910647441;7176;Hash;12;Inner;;0.055;0.055;0.03292925785192935;0.030468814398730615;pattern
Q5_112_seed_910647441;7174;Hash Join;11;Outer;;0.07;0.072;2.1523860649032116;66.18618744499759;operator
Q5_112_seed_910647441;7172;Seq Scan;10;Outer;;0.01;28.378;0.25102680310939346;31.367810885988177;operator
Q5_112_seed_910647441;7173;Hash;10;Inner;;0.074;0.075;18.126327374733336;18.127357419895475;operator
Q5_112_seed_910647441;7171;Hash Join;9;Outer;;0.095;29.839;5.227320025987908;75.97343272793705;operator
Q5_112_seed_910647441;7169;Seq Scan;8;Outer;;0.175;167.432;0.19513153777598402;163.3894193592441;operator
Q5_112_seed_910647441;7170;Hash;8;Inner;;32.381;32.382;29.281723364747876;29.28210062778132;operator
Q5_112_seed_910647441;7168;Hash Join;7;Outer;;33.241;213.399;28.676565651535896;184.68192035915536;operator
Q5_112_seed_910647441;7178;Index Scan;7;Inner;;0.068;0.072;0.06859238746358026;0.061214898948243;operator
Q5_112_seed_910647441;7167;Nested Loop;6;Outer;;34.365;1043.738;53.24042197450255;1076.951565599416;operator
Q5_112_seed_910647441;7179;Hash;6;Inner;;4.598;4.598;0.7695368965271534;0.8182721757808551;pattern
Q5_112_seed_910647441;7166;Hash Join;5;Outer;;39.615;1056.552;55.371829476839686;1101.3133379627234;operator
Q5_112_seed_910647441;7165;Sort;4;Outer;;1057.053;1057.087;1075.4582805284178;1076.8713557392132;operator
Q5_112_seed_910647441;7164;Aggregate;3;Outer;;1057.119;1057.341;1059.50626064294;1073.3126162659823;operator
Q5_112_seed_910647441;7163;Gather Merge;2;Outer;;1059.901;1062.223;1126.6672579901772;1117.1634722032577;operator
Q5_112_seed_910647441;7161;Sort;0;;;1060.125;1062.242;1082.58605838552;1084.082774222098;pattern
Q5_120_seed_976279689;7355;Seq Scan;12;Outer;;0.007;0.008;0.05178741705361972;6.6578590510962385;operator
Q5_120_seed_976279689;7356;Hash;12;Inner;;0.056;0.057;0.03292925785192935;0.030468814398730615;pattern
Q5_120_seed_976279689;7354;Hash Join;11;Outer;;0.069;0.071;2.1523860649032116;66.18618744499759;operator
Q5_120_seed_976279689;7352;Seq Scan;10;Outer;;0.155;32.144;0.25102680310939346;31.367810885988177;operator
Q5_120_seed_976279689;7353;Hash;10;Inner;;0.072;0.073;18.126327374733336;18.127357419895475;operator
Q5_120_seed_976279689;7351;Hash Join;9;Outer;;0.236;33.578;5.227320025987908;75.97343272793705;operator
Q5_120_seed_976279689;7349;Seq Scan;8;Outer;;0.204;171.757;0.19513153777598402;163.3894193592441;operator
Q5_120_seed_976279689;7350;Hash;8;Inner;;34.25;34.251;29.281723364747876;29.28210062778132;operator
Q5_120_seed_976279689;7348;Hash Join;7;Outer;;34.742;218.787;28.676565651535896;184.68192035915536;operator
Q5_120_seed_976279689;7358;Index Scan;7;Inner;;0.069;0.072;0.06859238746358026;0.061214898948243;operator
Q5_120_seed_976279689;7347;Nested Loop;6;Outer;;35.01;1041.813;53.24042197450255;1076.951565599416;operator
Q5_120_seed_976279689;7359;Hash;6;Inner;;5.846;5.846;0.7695368965271534;0.8182721757808551;pattern
Q5_120_seed_976279689;7346;Hash Join;5;Outer;;42.567;1055.775;55.371829476839686;1101.3133379627234;operator
Q5_120_seed_976279689;7345;Sort;4;Outer;;1056.233;1056.268;1075.4582805284178;1076.8713557392132;operator
Q5_120_seed_976279689;7344;Aggregate;3;Outer;;1056.298;1056.525;1059.50626064294;1073.3126162659823;operator
Q5_120_seed_976279689;7343;Gather Merge;2;Outer;;1058.798;1061.056;1126.6672579901772;1117.1634722032577;operator
Q5_120_seed_976279689;7341;Sort;0;;;1059.052;1061.08;1082.58605838552;1084.082774222098;pattern
Q5_131_seed_1066524030;7595;Seq Scan;12;Outer;;0.084;0.085;0.05178741705361972;6.6578590510962385;operator
Q5_131_seed_1066524030;7596;Hash;12;Inner;;0.051;0.051;0.03292925785192935;0.030468814398730615;pattern
Q5_131_seed_1066524030;7594;Hash Join;11;Outer;;0.143;0.145;2.1523860649032116;66.18618744499759;operator
Q5_131_seed_1066524030;7592;Seq Scan;10;Outer;;0.143;31.192;0.25102680310939346;31.367810885988177;operator
Q5_131_seed_1066524030;7593;Hash;10;Inner;;0.146;0.147;18.126327374733336;18.127357419895475;operator
Q5_131_seed_1066524030;7591;Hash Join;9;Outer;;0.299;32.641;5.227320025987908;75.97343272793705;operator
Q5_131_seed_1066524030;7589;Seq Scan;8;Outer;;0.114;169.482;0.19498258017658504;163.36538482411027;operator
Q5_131_seed_1066524030;7590;Hash;8;Inner;;33.511;33.512;29.281723364747876;29.28210062778132;operator
Q5_131_seed_1066524030;7588;Hash Join;7;Outer;;35.065;216.997;28.68038690398187;184.6751146990108;operator
Q5_131_seed_1066524030;7598;Index Scan;7;Inner;;0.07;0.074;0.06859238751021413;0.061214898948243;operator
Q5_131_seed_1066524030;7587;Nested Loop;6;Outer;;35.694;1062.553;53.24112559919851;1077.3451552957833;operator
Q5_131_seed_1066524030;7599;Hash;6;Inner;;2.308;2.308;0.7695368965271534;0.8182721757808551;pattern
Q5_131_seed_1066524030;7586;Hash Join;5;Outer;;38.268;1073.058;55.38007317081542;1101.459517097851;operator
Q5_131_seed_1066524030;7585;Sort;4;Outer;;1073.546;1073.582;1075.47014519908;1076.883225514766;operator
Q5_131_seed_1066524030;7584;Aggregate;3;Outer;;1073.609;1073.829;1059.5117300096047;1073.3195360442894;operator
Q5_131_seed_1066524030;7583;Gather Merge;2;Outer;;1076.798;1078.838;1126.667838897149;1117.1642185714054;operator
Q5_131_seed_1066524030;7581;Sort;0;;;1077.034;1078.859;1082.6278893237977;1084.124609596403;pattern
Q5_137_seed_1115748216;7715;Seq Scan;12;Outer;;0.008;0.009;0.05178741705361972;6.6578590510962385;operator
Q5_137_seed_1115748216;7716;Hash;12;Inner;;0.06;0.06;0.03292925785192935;0.030468814398730615;pattern
Q5_137_seed_1115748216;7714;Hash Join;11;Outer;;0.073;0.075;2.1523860649032116;66.18618744499759;operator
Q5_137_seed_1115748216;7712;Seq Scan;10;Outer;;1.301;33.333;0.25102680310939346;31.367810885988177;operator
Q5_137_seed_1115748216;7713;Hash;10;Inner;;0.077;0.078;18.126327374733336;18.127357419895475;operator
Q5_137_seed_1115748216;7711;Hash Join;9;Outer;;1.39;34.739;5.227320025987908;75.97343272793705;operator
Q5_137_seed_1115748216;7709;Seq Scan;8;Outer;;0.205;167.813;0.19498258017658504;163.36538482411027;operator
Q5_137_seed_1115748216;7710;Hash;8;Inner;;35.427;35.428;29.281723364747876;29.28210062778132;operator
Q5_137_seed_1115748216;7708;Hash Join;7;Outer;;36.044;216.518;28.68038690398187;184.6751146990108;operator
Q5_137_seed_1115748216;7718;Index Scan;7;Inner;;0.068;0.072;0.06859238751021413;0.061214898948243;operator
Q5_137_seed_1115748216;7707;Nested Loop;6;Outer;;36.323;1044.733;53.24112559919851;1077.3451552957833;operator
Q5_137_seed_1115748216;7719;Hash;6;Inner;;4.531;4.531;0.7695368965271534;0.8182721757808551;pattern
Q5_137_seed_1115748216;7706;Hash Join;5;Outer;;42.074;1057.47;55.38007317081542;1101.459517097851;operator
Q5_137_seed_1115748216;7705;Sort;4;Outer;;1057.91;1057.946;1075.47014519908;1076.883225514766;operator
Q5_137_seed_1115748216;7704;Aggregate;3;Outer;;1057.976;1058.191;1059.5117300096047;1073.3195360442894;operator
Q5_137_seed_1115748216;7703;Gather Merge;2;Outer;;1060.965;1063.194;1126.667838897149;1117.1642185714054;operator
Q5_137_seed_1115748216;7701;Sort;0;;;1061.179;1063.214;1082.6278893237977;1084.124609596403;pattern
Q5_142_seed_1156768371;7835;Seq Scan;12;Outer;;0.007;0.007;0.05178741705361972;6.6578590510962385;operator
Q5_142_seed_1156768371;7836;Hash;12;Inner;;0.309;0.31;0.03292925785192935;0.030468814398730615;pattern
Q5_142_seed_1156768371;7834;Hash Join;11;Outer;;0.319;0.321;2.1523860649032116;66.18618744499759;operator
Q5_142_seed_1156768371;7832;Seq Scan;10;Outer;;0.121;34.808;0.25102680310939346;31.367810885988177;operator
Q5_142_seed_1156768371;7833;Hash;10;Inner;;0.323;0.324;18.126327374733336;18.127357419895475;operator
Q5_142_seed_1156768371;7831;Hash Join;9;Outer;;0.45;37.077;5.227320025987908;75.97343272793705;operator
Q5_142_seed_1156768371;7829;Seq Scan;8;Outer;;0.158;167.365;0.19510750092607698;163.3855308513634;operator
Q5_142_seed_1156768371;7830;Hash;8;Inner;;37.793;37.794;29.281723364747876;29.28210062778132;operator
Q5_142_seed_1156768371;7828;Hash Join;7;Outer;;39.434;219.0;28.67718378924694;184.68081894821864;operator
Q5_142_seed_1156768371;7838;Index Scan;7;Inner;;0.07;0.074;0.06859238751021413;0.061214898948243;operator
Q5_142_seed_1156768371;7827;Nested Loop;6;Outer;;39.581;1058.417;53.241218015048744;1077.0158048820088;operator
Q5_142_seed_1156768371;7839;Hash;6;Inner;;3.448;3.448;0.7695368965271534;0.8182721757808551;pattern
Q5_142_seed_1156768371;7826;Hash Join;5;Outer;;43.666;1069.869;55.37383939770127;1101.3363826845584;operator
Q5_142_seed_1156768371;7825;Sort;4;Outer;;1070.33;1070.366;1075.4601612417957;1076.8732376305045;operator
Q5_142_seed_1156768371;7824;Aggregate;3;Outer;;1070.402;1070.65;1059.507127713127;1073.3137132866252;operator
Q5_142_seed_1156768371;7823;Gather Merge;2;Outer;;1073.588;1075.501;1126.6673500828654;1117.1635905266505;operator
Q5_142_seed_1156768371;7821;Sort;0;;;1073.819;1075.523;1082.5929735279922;1084.0896901174735;pattern
Q5_146_seed_1189584495;7915;Seq Scan;12;Outer;;0.171;0.172;0.05178741705361972;6.6578590510962385;operator
Q5_146_seed_1189584495;7916;Hash;12;Inner;;0.38;0.38;0.03292925785192935;0.030468814398730615;pattern
Q5_146_seed_1189584495;7914;Hash Join;11;Outer;;0.558;0.56;2.1523860649032116;66.18618744499759;operator
Q5_146_seed_1189584495;7912;Seq Scan;10;Outer;;0.183;31.773;0.25102680310939346;31.367810885988177;operator
Q5_146_seed_1189584495;7913;Hash;10;Inner;;0.563;0.564;18.126327374733336;18.127357419895475;operator
Q5_146_seed_1189584495;7911;Hash Join;9;Outer;;0.757;33.72;5.227320025987908;75.97343272793705;operator
Q5_146_seed_1189584495;7909;Seq Scan;8;Outer;;0.164;168.962;0.19510750092607698;163.3855308513634;operator
Q5_146_seed_1189584495;7910;Hash;8;Inner;;34.418;34.419;29.281723364747876;29.28210062778132;operator
Q5_146_seed_1189584495;7908;Hash Join;7;Outer;;35.226;218.057;28.67718378924694;184.68081894821864;operator
Q5_146_seed_1189584495;7918;Index Scan;7;Inner;;0.069;0.073;0.06859238751021413;0.061214898948243;operator
Q5_146_seed_1189584495;7907;Nested Loop;6;Outer;;35.424;1045.003;53.241218015048744;1077.0158048820088;operator
Q5_146_seed_1189584495;7919;Hash;6;Inner;;3.889;3.889;0.7695368965271534;0.8182721757808551;pattern
Q5_146_seed_1189584495;7906;Hash Join;5;Outer;;40.752;1056.96;55.37383939770127;1101.3363826845584;operator
Q5_146_seed_1189584495;7905;Sort;4;Outer;;1057.429;1057.464;1075.4601612417957;1076.8732376305045;operator
Q5_146_seed_1189584495;7904;Aggregate;3;Outer;;1057.494;1057.706;1059.507127713127;1073.3137132866252;operator
Q5_146_seed_1189584495;7903;Gather Merge;2;Outer;;1059.854;1061.982;1126.6673500828654;1117.1635905266505;operator
Q5_146_seed_1189584495;7901;Sort;0;;;1060.097;1062.003;1082.5929735279922;1084.0896901174735;pattern
Q5_14_seed_106652403;7995;Seq Scan;12;Outer;;0.007;0.007;0.05178741705361972;6.6578590510962385;operator
Q5_14_seed_106652403;7996;Hash;12;Inner;;0.057;0.058;0.03292925785192935;0.030468814398730615;pattern
Q5_14_seed_106652403;7994;Hash Join;11;Outer;;0.07;0.073;2.1523860649032116;66.18618744499759;operator
Q5_14_seed_106652403;7992;Seq Scan;10;Outer;;0.224;33.652;0.25102680310939346;31.367810885988177;operator
Q5_14_seed_106652403;7993;Hash;10;Inner;;0.076;0.077;18.126327374733336;18.127357419895475;operator
Q5_14_seed_106652403;7991;Hash Join;9;Outer;;0.31;35.083;5.227320025987908;75.97343272793705;operator
Q5_14_seed_106652403;7989;Seq Scan;8;Outer;;0.245;168.002;0.19513153777598402;163.3894193592441;operator
Q5_14_seed_106652403;7990;Hash;8;Inner;;36.108;36.11;29.281723364747876;29.28210062778132;operator
Q5_14_seed_106652403;7988;Hash Join;7;Outer;;36.699;216.962;28.676565651535896;184.68192035915536;operator
Q5_14_seed_106652403;7998;Index Scan;7;Inner;;0.07;0.073;0.06859238746358026;0.061214898948243;operator
Q5_14_seed_106652403;7987;Nested Loop;6;Outer;;36.93;1052.032;53.24042197450255;1076.951565599416;operator
Q5_14_seed_106652403;7999;Hash;6;Inner;;3.183;3.183;0.7695368965271534;0.8182721757808551;pattern
Q5_14_seed_106652403;7986;Hash Join;5;Outer;;41.987;1063.23;55.371829476839686;1101.3133379627234;operator
Q5_14_seed_106652403;7985;Sort;4;Outer;;1063.698;1063.736;1075.4582805284178;1076.8713557392132;operator
Q5_14_seed_106652403;7984;Aggregate;3;Outer;;1063.766;1064.006;1059.50626064294;1073.3126162659823;operator
Q5_14_seed_106652403;7983;Gather Merge;2;Outer;;1067.228;1069.476;1126.6672579901772;1117.1634722032577;operator
Q5_14_seed_106652403;7981;Sort;0;;;1067.509;1069.5;1082.58605838552;1084.082774222098;pattern
Q5_16_seed_123060465;8055;Seq Scan;12;Outer;;0.009;0.01;0.05178741705361972;6.6578590510962385;operator
Q5_16_seed_123060465;8056;Hash;12;Inner;;0.16;0.16;0.03292925785192935;0.030468814398730615;pattern
Q5_16_seed_123060465;8054;Hash Join;11;Outer;;0.174;0.176;2.1523860649032116;66.18618744499759;operator
Q5_16_seed_123060465;8052;Seq Scan;10;Outer;;0.011;34.287;0.25102680310939346;31.367810885988177;operator
Q5_16_seed_123060465;8053;Hash;10;Inner;;0.178;0.179;18.126327374733336;18.127357419895475;operator
Q5_16_seed_123060465;8051;Hash Join;9;Outer;;0.198;35.853;5.227320025987908;75.97343272793705;operator
Q5_16_seed_123060465;8049;Seq Scan;8;Outer;;0.34;169.678;0.19513153777598402;163.3894193592441;operator
Q5_16_seed_123060465;8050;Hash;8;Inner;;36.532;36.533;29.281723364747876;29.28210062778132;operator
Q5_16_seed_123060465;8048;Hash Join;7;Outer;;36.971;219.014;28.676565651535896;184.68192035915536;operator
Q5_16_seed_123060465;8058;Index Scan;7;Inner;;0.072;0.075;0.06859238746358026;0.061214898948243;operator
Q5_16_seed_123060465;8047;Nested Loop;6;Outer;;37.229;1078.051;53.24042197450255;1076.951565599416;operator
Q5_16_seed_123060465;8059;Hash;6;Inner;;4.737;4.737;0.7695368965271534;0.8182721757808551;pattern
Q5_16_seed_123060465;8046;Hash Join;5;Outer;;43.611;1091.844;55.371829476839686;1101.3133379627234;operator
Q5_16_seed_123060465;8045;Sort;4;Outer;;1092.316;1092.352;1075.4582805284178;1076.8713557392132;operator
Q5_16_seed_123060465;8044;Aggregate;3;Outer;;1092.382;1092.598;1059.50626064294;1073.3126162659823;operator
Q5_16_seed_123060465;8043;Gather Merge;2;Outer;;1095.287;1097.817;1126.6672579901772;1117.1634722032577;operator
Q5_16_seed_123060465;8041;Sort;0;;;1095.522;1097.845;1082.58605838552;1084.082774222098;pattern
Q5_18_seed_139468527;8095;Seq Scan;12;Outer;;0.019;0.019;0.05178741705361972;6.6578590510962385;operator
Q5_18_seed_139468527;8096;Hash;12;Inner;;0.1;0.1;0.03292925785192935;0.030468814398730615;pattern
Q5_18_seed_139468527;8094;Hash Join;11;Outer;;0.124;0.126;2.1523860649032116;66.18618744499759;operator
Q5_18_seed_139468527;8092;Seq Scan;10;Outer;;0.204;30.518;0.25102680310939346;31.367810885988177;operator
Q5_18_seed_139468527;8093;Hash;10;Inner;;0.13;0.131;18.126327374733336;18.127357419895475;operator
Q5_18_seed_139468527;8091;Hash Join;9;Outer;;0.347;32.068;5.227320025987908;75.97343272793705;operator
Q5_18_seed_139468527;8089;Seq Scan;8;Outer;;0.092;175.681;0.19513153777598402;163.3894193592441;operator
Q5_18_seed_139468527;8090;Hash;8;Inner;;32.995;32.995;29.281723364747876;29.28210062778132;operator
Q5_18_seed_139468527;8088;Hash Join;7;Outer;;33.993;222.193;28.676565651535896;184.68192035915536;operator
Q5_18_seed_139468527;8098;Index Scan;7;Inner;;0.069;0.073;0.06859238746358026;0.061214898948243;operator
Q5_18_seed_139468527;8087;Nested Loop;6;Outer;;34.862;1048.516;53.24042197450255;1076.951565599416;operator
Q5_18_seed_139468527;8099;Hash;6;Inner;;3.133;3.133;0.7695368965271534;0.8182721757808551;pattern
Q5_18_seed_139468527;8086;Hash Join;5;Outer;;38.607;1059.771;55.371829476839686;1101.3133379627234;operator
Q5_18_seed_139468527;8085;Sort;4;Outer;;1060.263;1060.299;1075.4582805284178;1076.8713557392132;operator
Q5_18_seed_139468527;8084;Aggregate;3;Outer;;1060.336;1060.554;1059.50626064294;1073.3126162659823;operator
Q5_18_seed_139468527;8083;Gather Merge;2;Outer;;1063.428;1065.592;1126.6672579901772;1117.1634722032577;operator
Q5_18_seed_139468527;8081;Sort;0;;;1063.651;1065.612;1082.58605838552;1084.082774222098;pattern
Q5_28_seed_221508837;8315;Seq Scan;12;Outer;;0.01;0.011;0.05178741705361972;6.6578590510962385;operator
Q5_28_seed_221508837;8316;Hash;12;Inner;;0.085;0.086;0.03292925785192935;0.030468814398730615;pattern
Q5_28_seed_221508837;8314;Hash Join;11;Outer;;0.101;0.103;2.1523860649032116;66.18618744499759;operator
Q5_28_seed_221508837;8312;Seq Scan;10;Outer;;1.061;35.932;0.25102680310939346;31.367810885988177;operator
Q5_28_seed_221508837;8313;Hash;10;Inner;;0.106;0.107;18.126327374733336;18.127357419895475;operator
Q5_28_seed_221508837;8311;Hash Join;9;Outer;;1.18;37.368;5.227320025987908;75.97343272793705;operator
Q5_28_seed_221508837;8309;Seq Scan;8;Outer;;0.348;172.147;0.19513153777598402;163.3894193592441;operator
Q5_28_seed_221508837;8310;Hash;8;Inner;;38.293;38.294;29.281723364747876;29.28210062778132;operator
Q5_28_seed_221508837;8308;Hash Join;7;Outer;;39.454;223.963;28.676565651535896;184.68192035915536;operator
Q5_28_seed_221508837;8318;Index Scan;7;Inner;;0.072;0.076;0.06859238746358026;0.061214898948243;operator
Q5_28_seed_221508837;8307;Nested Loop;6;Outer;;40.317;1107.26;53.24042197450255;1076.951565599416;operator
Q5_28_seed_221508837;8319;Hash;6;Inner;;3.427;3.427;0.7695368965271534;0.8182721757808551;pattern
Q5_28_seed_221508837;8306;Hash Join;5;Outer;;44.191;1118.946;55.371829476839686;1101.3133379627234;operator
Q5_28_seed_221508837;8305;Sort;4;Outer;;1119.418;1119.454;1075.4582805284178;1076.8713557392132;operator
Q5_28_seed_221508837;8304;Aggregate;3;Outer;;1119.484;1119.705;1059.50626064294;1073.3126162659823;operator
Q5_28_seed_221508837;8303;Gather Merge;2;Outer;;1122.358;1124.609;1126.6672579901772;1117.1634722032577;operator
Q5_28_seed_221508837;8301;Sort;0;;;1122.587;1124.632;1082.58605838552;1084.082774222098;pattern
Q5_37_seed_295345116;8515;Seq Scan;12;Outer;;0.01;0.011;0.05178741705361972;6.6578590510962385;operator
Q5_37_seed_295345116;8516;Hash;12;Inner;;0.109;0.109;0.03292925785192935;0.030468814398730615;pattern
Q5_37_seed_295345116;8514;Hash Join;11;Outer;;0.125;0.127;2.1523860649032116;66.18618744499759;operator
Q5_37_seed_295345116;8512;Seq Scan;10;Outer;;1.15;33.514;0.25102680310939346;31.367810885988177;operator
Q5_37_seed_295345116;8513;Hash;10;Inner;;0.129;0.13;18.126327374733336;18.127357419895475;operator
Q5_37_seed_295345116;8511;Hash Join;9;Outer;;1.293;35.025;5.227320025987908;75.97343272793705;operator
Q5_37_seed_295345116;8509;Seq Scan;8;Outer;;0.066;165.929;0.19498258017658504;163.36538482411027;operator
Q5_37_seed_295345116;8510;Hash;8;Inner;;35.749;35.75;29.281723364747876;29.28210062778132;operator
Q5_37_seed_295345116;8508;Hash Join;7;Outer;;37.041;215.477;28.68038690398187;184.6751146990108;operator
Q5_37_seed_295345116;8518;Index Scan;7;Inner;;0.07;0.074;0.06859238751021413;0.061214898948243;operator
Q5_37_seed_295345116;8507;Nested Loop;6;Outer;;37.722;1056.366;53.24112559919851;1077.3451552957833;operator
Q5_37_seed_295345116;8519;Hash;6;Inner;;3.239;3.239;0.7695368965271534;0.8182721757808551;pattern
Q5_37_seed_295345116;8506;Hash Join;5;Outer;;42.672;1067.612;55.38007317081542;1101.459517097851;operator
Q5_37_seed_295345116;8505;Sort;4;Outer;;1068.08;1068.115;1075.47014519908;1076.883225514766;operator
Q5_37_seed_295345116;8504;Aggregate;3;Outer;;1068.147;1068.376;1059.5117300096047;1073.3195360442894;operator
Q5_37_seed_295345116;8503;Gather Merge;2;Outer;;1071.287;1073.455;1126.667838897149;1117.1642185714054;operator
Q5_37_seed_295345116;8501;Sort;0;;;1071.558;1073.478;1082.6278893237977;1084.124609596403;pattern
Q5_3_seed_16408062;8575;Seq Scan;12;Outer;;0.008;0.008;0.05178741705361972;6.6578590510962385;operator
Q5_3_seed_16408062;8576;Hash;12;Inner;;0.056;0.056;0.03292925785192935;0.030468814398730615;pattern
Q5_3_seed_16408062;8574;Hash Join;11;Outer;;0.07;0.071;2.1523860649032116;66.18618744499759;operator
Q5_3_seed_16408062;8572;Seq Scan;10;Outer;;0.01;31.389;0.25102680310939346;31.367810885988177;operator
Q5_3_seed_16408062;8573;Hash;10;Inner;;0.074;0.074;18.126327374733336;18.127357419895475;operator
Q5_3_seed_16408062;8571;Hash Join;9;Outer;;0.094;32.879;5.227320025987908;75.97343272793705;operator
Q5_3_seed_16408062;8569;Seq Scan;8;Outer;;0.255;170.687;0.19506249754130905;163.3782610521702;operator
Q5_3_seed_16408062;8570;Hash;8;Inner;;33.555;33.556;29.281723364747876;29.28210062778132;operator
Q5_3_seed_16408062;8568;Hash Join;7;Outer;;34.144;217.098;28.67833560714179;184.67875071560923;operator
Q5_3_seed_16408062;8578;Index Scan;7;Inner;;0.07;0.074;0.06859238751021413;0.061214898948243;operator
Q5_3_seed_16408062;8567;Nested Loop;6;Outer;;34.38;1057.071;53.24037667820025;1077.133011643863;operator
Q5_3_seed_16408062;8579;Hash;6;Inner;;7.471;7.472;0.7695368965271534;0.8182721757808551;pattern
Q5_3_seed_16408062;8566;Hash Join;5;Outer;;43.087;1072.557;55.375257759879176;1101.3813059612844;operator
Q5_3_seed_16408062;8565;Sort;4;Outer;;1073.001;1073.036;1075.4637911692294;1076.8768685414118;operator
Q5_3_seed_16408062;8564;Aggregate;3;Outer;;1073.062;1073.289;1059.5088008798566;1073.315830130632;operator
Q5_3_seed_16408062;8563;Gather Merge;2;Outer;;1077.151;1078.416;1126.6675277900272;1117.1638188503232;operator
Q5_3_seed_16408062;8561;Sort;0;;;1077.423;1078.437;1082.6053068072733;1084.1020247248332;pattern
Q5_40_seed_319957209;8595;Seq Scan;12;Outer;;0.011;0.012;0.05178741705361972;6.6578590510962385;operator
Q5_40_seed_319957209;8596;Hash;12;Inner;;0.059;0.059;0.03292925785192935;0.030468814398730615;pattern
Q5_40_seed_319957209;8594;Hash Join;11;Outer;;0.076;0.078;2.1523860649032116;66.18618744499759;operator
Q5_40_seed_319957209;8592;Seq Scan;10;Outer;;1.832;36.749;0.25102680310939346;31.367810885988177;operator
Q5_40_seed_319957209;8593;Hash;10;Inner;;0.082;0.082;18.126327374733336;18.127357419895475;operator
Q5_40_seed_319957209;8591;Hash Join;9;Outer;;2.392;38.634;5.227320025987908;75.97343272793705;operator
Q5_40_seed_319957209;8589;Seq Scan;8;Outer;;0.562;173.401;0.19510750092607698;163.3855308513634;operator
Q5_40_seed_319957209;8590;Hash;8;Inner;;39.328;39.329;29.281723364747876;29.28210062778132;operator
Q5_40_seed_319957209;8588;Hash Join;7;Outer;;40.713;226.417;28.67718378924694;184.68081894821864;operator
Q5_40_seed_319957209;8598;Index Scan;7;Inner;;0.073;0.077;0.06859238751021413;0.061214898948243;operator
Q5_40_seed_319957209;8587;Nested Loop;6;Outer;;40.885;1099.681;53.241218015048744;1077.0158048820088;operator
Q5_40_seed_319957209;8599;Hash;6;Inner;;1.959;1.959;0.7695368965271534;0.8182721757808551;pattern
Q5_40_seed_319957209;8586;Hash Join;5;Outer;;44.035;1110.669;55.37383939770127;1101.3363826845584;operator
Q5_40_seed_319957209;8585;Sort;4;Outer;;1111.143;1111.183;1075.4601612417957;1076.8732376305045;operator
Q5_40_seed_319957209;8584;Aggregate;3;Outer;;1111.21;1111.43;1059.507127713127;1073.3137132866252;operator
Q5_40_seed_319957209;8583;Gather Merge;2;Outer;;1116.079;1118.174;1126.6673500828654;1117.1635905266505;operator
Q5_40_seed_319957209;8581;Sort;0;;;1116.343;1118.196;1082.5929735279922;1084.0896901174735;pattern
Q5_45_seed_360977364;8695;Seq Scan;12;Outer;;0.008;0.009;0.05178741705361972;6.6578590510962385;operator
Q5_45_seed_360977364;8696;Hash;12;Inner;;0.127;0.127;0.03292925785192935;0.030468814398730615;pattern
Q5_45_seed_360977364;8694;Hash Join;11;Outer;;0.143;0.145;2.1523860649032116;66.18618744499759;operator
Q5_45_seed_360977364;8692;Seq Scan;10;Outer;;0.076;32.058;0.25102680310939346;31.367810885988177;operator
Q5_45_seed_360977364;8693;Hash;10;Inner;;0.147;0.147;18.126327374733336;18.127357419895475;operator
Q5_45_seed_360977364;8691;Hash Join;9;Outer;;0.234;33.637;5.227320025987908;75.97343272793705;operator
Q5_45_seed_360977364;8689;Seq Scan;8;Outer;;0.097;169.996;0.19515305194185956;163.39290310048176;operator
Q5_45_seed_360977364;8690;Hash;8;Inner;;34.684;34.685;29.281723364747876;29.28210062778132;operator
Q5_45_seed_360977364;8688;Hash Join;7;Outer;;36.354;219.1;28.6760106814815;184.6829043322358;operator
Q5_45_seed_360977364;8698;Index Scan;7;Inner;;0.07;0.074;0.06859238746358026;0.061214898948243;operator
Q5_45_seed_360977364;8687;Nested Loop;6;Outer;;36.561;1061.137;53.24097961601858;1076.8956444485516;operator
Q5_45_seed_360977364;8699;Hash;6;Inner;;2.763;2.763;0.7695368965271534;0.8182721757808551;pattern
Q5_45_seed_360977364;8686;Hash Join;5;Outer;;40.553;1072.005;55.37131035832439;1101.2916273048922;operator
Q5_45_seed_360977364;8685;Sort;4;Outer;;1072.47;1072.505;1075.456528716626;1076.8696035393266;operator
Q5_45_seed_360977364;8684;Aggregate;3;Outer;;1072.532;1072.746;1059.5054531908036;1073.3115947056272;operator
Q5_45_seed_360977364;8683;Gather Merge;2;Outer;;1075.407;1077.796;1126.667172231195;1117.1633620177076;operator
Q5_45_seed_360977364;8681;Sort;0;;;1075.65;1077.829;1082.5801634901331;1084.076878674748;pattern
Q5_48_seed_385589457;8755;Seq Scan;12;Outer;;0.008;0.008;0.05178741705361972;6.6578590510962385;operator
Q5_48_seed_385589457;8756;Hash;12;Inner;;0.055;0.055;0.03292925785192935;0.030468814398730615;pattern
Q5_48_seed_385589457;8754;Hash Join;11;Outer;;0.07;0.071;2.1523860649032116;66.18618744499759;operator
Q5_48_seed_385589457;8752;Seq Scan;10;Outer;;0.012;29.386;0.25102680310939346;31.367810885988177;operator
Q5_48_seed_385589457;8753;Hash;10;Inner;;0.074;0.075;18.126327374733336;18.127357419895475;operator
Q5_48_seed_385589457;8751;Hash Join;9;Outer;;0.098;30.846;5.227320025987908;75.97343272793705;operator
Q5_48_seed_385589457;8749;Seq Scan;8;Outer;;0.245;167.444;0.19510750092607698;163.3855308513634;operator
Q5_48_seed_385589457;8750;Hash;8;Inner;;31.462;31.462;29.281723364747876;29.28210062778132;operator
Q5_48_seed_385589457;8748;Hash Join;7;Outer;;31.803;211.649;28.67718378924694;184.68081894821864;operator
Q5_48_seed_385589457;8758;Index Scan;7;Inner;;0.068;0.071;0.06859238751021413;0.061214898948243;operator
Q5_48_seed_385589457;8747;Nested Loop;6;Outer;;32.043;1028.02;53.241218015048744;1077.0158048820088;operator
Q5_48_seed_385589457;8759;Hash;6;Inner;;4.961;4.961;0.7695368965271534;0.8182721757808551;pattern
Q5_48_seed_385589457;8746;Hash Join;5;Outer;;37.92;1041.143;55.37383939770127;1101.3363826845584;operator
Q5_48_seed_385589457;8745;Sort;4;Outer;;1041.623;1041.659;1075.4601612417957;1076.8732376305045;operator
Q5_48_seed_385589457;8744;Aggregate;3;Outer;;1041.689;1041.921;1059.507127713127;1073.3137132866252;operator
Q5_48_seed_385589457;8743;Gather Merge;2;Outer;;1044.708;1046.681;1126.6673500828654;1117.1635905266505;operator
Q5_48_seed_385589457;8741;Sort;0;;;1044.935;1046.703;1082.5929735279922;1084.0896901174735;pattern
Q5_63_seed_508649922;9095;Seq Scan;12;Outer;;0.012;0.013;0.05178741705361972;6.6578590510962385;operator
Q5_63_seed_508649922;9096;Hash;12;Inner;;0.153;0.153;0.03292925785192935;0.030468814398730615;pattern
Q5_63_seed_508649922;9094;Hash Join;11;Outer;;0.173;0.175;2.1523860649032116;66.18618744499759;operator
Q5_63_seed_508649922;9092;Seq Scan;10;Outer;;2.146;33.907;0.25102680310939346;31.367810885988177;operator
Q5_63_seed_508649922;9093;Hash;10;Inner;;0.178;0.179;18.126327374733336;18.127357419895475;operator
Q5_63_seed_508649922;9091;Hash Join;9;Outer;;2.339;35.596;5.227320025987908;75.97343272793705;operator
Q5_63_seed_508649922;9089;Seq Scan;8;Outer;;0.245;171.35;0.19513153777598402;163.3894193592441;operator
Q5_63_seed_508649922;9090;Hash;8;Inner;;36.425;36.426;29.281723364747876;29.28210062778132;operator
Q5_63_seed_508649922;9088;Hash Join;7;Outer;;37.933;221.722;28.676565651535896;184.68192035915536;operator
Q5_63_seed_508649922;9098;Index Scan;7;Inner;;0.07;0.074;0.06859238746358026;0.061214898948243;operator
Q5_63_seed_508649922;9087;Nested Loop;6;Outer;;38.373;1061.495;53.24042197450255;1076.951565599416;operator
Q5_63_seed_508649922;9099;Hash;6;Inner;;3.763;3.763;0.7695368965271534;0.8182721757808551;pattern
Q5_63_seed_508649922;9086;Hash Join;5;Outer;;42.289;1073.518;55.371829476839686;1101.3133379627234;operator
Q5_63_seed_508649922;9085;Sort;4;Outer;;1073.962;1073.997;1075.4582805284178;1076.8713557392132;operator
Q5_63_seed_508649922;9084;Aggregate;3;Outer;;1074.038;1074.277;1059.50626064294;1073.3126162659823;operator
Q5_63_seed_508649922;9083;Gather Merge;2;Outer;;1077.188;1079.411;1126.6672579901772;1117.1634722032577;operator
Q5_63_seed_508649922;9081;Sort;0;;;1077.44;1079.437;1082.58605838552;1084.082774222098;pattern
Q5_65_seed_525057984;9135;Seq Scan;12;Outer;;0.007;0.008;0.05178741705361972;6.6578590510962385;operator
Q5_65_seed_525057984;9136;Hash;12;Inner;;0.24;0.24;0.03292925785192935;0.030468814398730615;pattern
Q5_65_seed_525057984;9134;Hash Join;11;Outer;;0.252;0.254;2.1523860649032116;66.18618744499759;operator
Q5_65_seed_525057984;9132;Seq Scan;10;Outer;;0.779;37.362;0.25102680310939346;31.367810885988177;operator
Q5_65_seed_525057984;9133;Hash;10;Inner;;0.256;0.257;18.126327374733336;18.127357419895475;operator
Q5_65_seed_525057984;9131;Hash Join;9;Outer;;1.045;39.052;5.227320025987908;75.97343272793705;operator
Q5_65_seed_525057984;9129;Seq Scan;8;Outer;;0.273;170.109;0.19513153777598402;163.3894193592441;operator
Q5_65_seed_525057984;9130;Hash;8;Inner;;39.68;39.682;29.281723364747876;29.28210062778132;operator
Q5_65_seed_525057984;9128;Hash Join;7;Outer;;39.996;222.39;28.676565651535896;184.68192035915536;operator
Q5_65_seed_525057984;9138;Index Scan;7;Inner;;0.071;0.075;0.06859238746358026;0.061214898948243;operator
Q5_65_seed_525057984;9127;Nested Loop;6;Outer;;40.221;1066.497;53.24042197450255;1076.951565599416;operator
Q5_65_seed_525057984;9139;Hash;6;Inner;;3.233;3.233;0.7695368965271534;0.8182721757808551;pattern
Q5_65_seed_525057984;9126;Hash Join;5;Outer;;45.151;1077.702;55.371829476839686;1101.3133379627234;operator
Q5_65_seed_525057984;9125;Sort;4;Outer;;1078.15;1078.186;1075.4582805284178;1076.8713557392132;operator
Q5_65_seed_525057984;9124;Aggregate;3;Outer;;1078.218;1078.449;1059.50626064294;1073.3126162659823;operator
Q5_65_seed_525057984;9123;Gather Merge;2;Outer;;1081.12;1083.608;1126.6672579901772;1117.1634722032577;operator
Q5_65_seed_525057984;9121;Sort;0;;;1081.336;1083.627;1082.58605838552;1084.082774222098;pattern
Q5_67_seed_541466046;9175;Seq Scan;12;Outer;;0.013;0.014;0.05178741705361972;6.6578590510962385;operator
Q5_67_seed_541466046;9176;Hash;12;Inner;;0.063;0.063;0.03292925785192935;0.030468814398730615;pattern
Q5_67_seed_541466046;9174;Hash Join;11;Outer;;0.086;0.088;2.1523860649032116;66.18618744499759;operator
Q5_67_seed_541466046;9172;Seq Scan;10;Outer;;0.456;29.069;0.25102680310939346;31.367810885988177;operator
Q5_67_seed_541466046;9173;Hash;10;Inner;;0.093;0.093;18.126327374733336;18.127357419895475;operator
Q5_67_seed_541466046;9171;Hash Join;9;Outer;;0.565;30.994;5.227320025987908;75.97343272793705;operator
Q5_67_seed_541466046;9169;Seq Scan;8;Outer;;0.202;161.897;0.19513153777598402;163.3894193592441;operator
Q5_67_seed_541466046;9170;Hash;8;Inner;;31.864;31.865;29.281723364747876;29.28210062778132;operator
Q5_67_seed_541466046;9168;Hash Join;7;Outer;;32.135;206.075;28.676565651535896;184.68192035915536;operator
Q5_67_seed_541466046;9178;Index Scan;7;Inner;;0.068;0.072;0.06859238746358026;0.061214898948243;operator
Q5_67_seed_541466046;9167;Nested Loop;6;Outer;;32.37;1016.321;53.24042197450255;1076.951565599416;operator
Q5_67_seed_541466046;9179;Hash;6;Inner;;3.895;3.895;0.7695368965271534;0.8182721757808551;pattern
Q5_67_seed_541466046;9166;Hash Join;5;Outer;;38.01;1028.08;55.371829476839686;1101.3133379627234;operator
Q5_67_seed_541466046;9165;Sort;4;Outer;;1028.561;1028.596;1075.4582805284178;1076.8713557392132;operator
Q5_67_seed_541466046;9164;Aggregate;3;Outer;;1028.628;1028.856;1059.50626064294;1073.3126162659823;operator
Q5_67_seed_541466046;9163;Gather Merge;2;Outer;;1032.742;1034.794;1126.6672579901772;1117.1634722032577;operator
Q5_67_seed_541466046;9161;Sort;0;;;1033.019;1034.826;1082.58605838552;1084.082774222098;pattern
Q5_81_seed_656322480;9495;Seq Scan;12;Outer;;0.008;0.008;0.05178741705361972;6.6578590510962385;operator
Q5_81_seed_656322480;9496;Hash;12;Inner;;0.482;0.483;0.03292925785192935;0.030468814398730615;pattern
Q5_81_seed_656322480;9494;Hash Join;11;Outer;;0.497;0.5;2.1523860649032116;66.18618744499759;operator
Q5_81_seed_656322480;9492;Seq Scan;10;Outer;;0.013;35.587;0.25102680310939346;31.367810885988177;operator
Q5_81_seed_656322480;9493;Hash;10;Inner;;0.501;0.502;18.126327374733336;18.127357419895475;operator
Q5_81_seed_656322480;9491;Hash Join;9;Outer;;0.524;37.452;5.227320025987908;75.97343272793705;operator
Q5_81_seed_656322480;9489;Seq Scan;8;Outer;;0.836;168.734;0.19510750092607698;163.3855308513634;operator
Q5_81_seed_656322480;9490;Hash;8;Inner;;38.173;38.174;29.281723364747876;29.28210062778132;operator
Q5_81_seed_656322480;9488;Hash Join;7;Outer;;39.964;220.487;28.67718378924694;184.68081894821864;operator
Q5_81_seed_656322480;9498;Index Scan;7;Inner;;0.071;0.074;0.06859238751021413;0.061214898948243;operator
Q5_81_seed_656322480;9487;Nested Loop;6;Outer;;40.126;1065.525;53.241218015048744;1077.0158048820088;operator
Q5_81_seed_656322480;9499;Hash;6;Inner;;2.979;2.979;0.7695368965271534;0.8182721757808551;pattern
Q5_81_seed_656322480;9486;Hash Join;5;Outer;;43.916;1076.58;55.37383939770127;1101.3363826845584;operator
Q5_81_seed_656322480;9485;Sort;4;Outer;;1078.668;1078.703;1075.4601612417957;1076.8732376305045;operator
Q5_81_seed_656322480;9484;Aggregate;3;Outer;;1078.735;1078.961;1059.507127713127;1073.3137132866252;operator
Q5_81_seed_656322480;9483;Gather Merge;2;Outer;;1081.907;1084.078;1126.6673500828654;1117.1635905266505;operator
Q5_81_seed_656322480;9481;Sort;0;;;1082.171;1084.1;1082.5929735279922;1084.0896901174735;pattern
Q5_86_seed_697342635;9595;Seq Scan;12;Outer;;0.007;0.008;0.05178741705361972;6.6578590510962385;operator
Q5_86_seed_697342635;9596;Hash;12;Inner;;0.045;0.046;0.03292925785192935;0.030468814398730615;pattern
Q5_86_seed_697342635;9594;Hash Join;11;Outer;;0.058;0.06;2.1523860649032116;66.18618744499759;operator
Q5_86_seed_697342635;9592;Seq Scan;10;Outer;;0.012;30.822;0.25102680310939346;31.367810885988177;operator
Q5_86_seed_697342635;9593;Hash;10;Inner;;0.062;0.063;18.126327374733336;18.127357419895475;operator
Q5_86_seed_697342635;9591;Hash Join;9;Outer;;0.084;32.354;5.227320025987908;75.97343272793705;operator
Q5_86_seed_697342635;9589;Seq Scan;8;Outer;;0.157;166.679;0.19498258017658504;163.36538482411027;operator
Q5_86_seed_697342635;9590;Hash;8;Inner;;33.626;33.627;29.281723364747876;29.28210062778132;operator
Q5_86_seed_697342635;9588;Hash Join;7;Outer;;34.63;213.757;28.68038690398187;184.6751146990108;operator
Q5_86_seed_697342635;9598;Index Scan;7;Inner;;0.069;0.072;0.06859238751021413;0.061214898948243;operator
Q5_86_seed_697342635;9587;Nested Loop;6;Outer;;34.789;1036.699;53.24112559919851;1077.3451552957833;operator
Q5_86_seed_697342635;9599;Hash;6;Inner;;4.279;4.279;0.7695368965271534;0.8182721757808551;pattern
Q5_86_seed_697342635;9586;Hash Join;5;Outer;;39.283;1049.198;55.38007317081542;1101.459517097851;operator
Q5_86_seed_697342635;9585;Sort;4;Outer;;1049.654;1049.691;1075.47014519908;1076.883225514766;operator
Q5_86_seed_697342635;9584;Aggregate;3;Outer;;1049.725;1049.978;1059.5117300096047;1073.3195360442894;operator
Q5_86_seed_697342635;9583;Gather Merge;2;Outer;;1052.542;1054.719;1126.667838897149;1117.1642185714054;operator
Q5_86_seed_697342635;9581;Sort;0;;;1052.819;1054.738;1082.6278893237977;1084.124609596403;pattern
Q5_88_seed_713750697;9635;Seq Scan;12;Outer;;0.008;0.008;0.05178741705361972;6.6578590510962385;operator
Q5_88_seed_713750697;9636;Hash;12;Inner;;0.082;0.082;0.03292925785192935;0.030468814398730615;pattern
Q5_88_seed_713750697;9634;Hash Join;11;Outer;;0.095;0.097;2.1523860649032116;66.18618744499759;operator
Q5_88_seed_713750697;9632;Seq Scan;10;Outer;;0.039;32.698;0.25102680310939346;31.367810885988177;operator
Q5_88_seed_713750697;9633;Hash;10;Inner;;0.099;0.1;18.126327374733336;18.127357419895475;operator
Q5_88_seed_713750697;9631;Hash Join;9;Outer;;0.148;34.198;5.227320025987908;75.97343272793705;operator
Q5_88_seed_713750697;9629;Seq Scan;8;Outer;;0.235;164.285;0.19498258017658504;163.36538482411027;operator
Q5_88_seed_713750697;9630;Hash;8;Inner;;34.84;34.842;29.281723364747876;29.28210062778132;operator
Q5_88_seed_713750697;9628;Hash Join;7;Outer;;35.13;211.692;28.68038690398187;184.6751146990108;operator
Q5_88_seed_713750697;9638;Index Scan;7;Inner;;0.069;0.073;0.06859238751021413;0.061214898948243;operator
Q5_88_seed_713750697;9627;Nested Loop;6;Outer;;35.353;1037.857;53.24112559919851;1077.3451552957833;operator
Q5_88_seed_713750697;9639;Hash;6;Inner;;3.093;3.093;0.7695368965271534;0.8182721757808551;pattern
Q5_88_seed_713750697;9626;Hash Join;5;Outer;;38.711;1048.921;55.38007317081542;1101.459517097851;operator
Q5_88_seed_713750697;9625;Sort;4;Outer;;1049.399;1049.436;1075.47014519908;1076.883225514766;operator
Q5_88_seed_713750697;9624;Aggregate;3;Outer;;1049.978;1050.202;1059.5117300096047;1073.3195360442894;operator
Q5_88_seed_713750697;9623;Gather Merge;2;Outer;;1056.064;1056.44;1126.667838897149;1117.1642185714054;operator
Q5_88_seed_713750697;9621;Sort;0;;;1056.326;1056.462;1082.6278893237977;1084.124609596403;pattern
Q6_100_seed_812199069;9904;Seq Scan;3;Outer;;5.817;729.351;5.765397878230377;717.4417845311402;operator
Q6_100_seed_812199069;9901;Aggregate;0;;;746.615;749.785;816.6176751669502;822.4417970338594;pattern
Q6_104_seed_845015193;9920;Seq Scan;3;Outer;;6.815;749.749;5.765530346822517;717.4420426846318;operator
Q6_104_seed_845015193;9917;Aggregate;0;;;764.63;770.051;816.617678341005;822.4418002083863;pattern
Q6_110_seed_894239379;9948;Seq Scan;3;Outer;;5.816;800.157;5.765355298421687;717.4417014710891;operator
Q6_110_seed_894239379;9945;Aggregate;0;;;816.834;823.015;816.6176741460208;822.4417960127785;pattern
Q6_112_seed_910647441;9956;Seq Scan;3;Outer;;5.93;776.238;5.766917937556418;717.4447238978555;operator
Q6_112_seed_910647441;9953;Aggregate;0;;;792.342;801.198;816.6177113955437;822.4418332679383;pattern
Q6_120_seed_976279689;9992;Seq Scan;3;Outer;;6.385;767.19;5.767020417345529;717.4449202583892;operator
Q6_120_seed_976279689;9989;Aggregate;0;;;782.077;791.388;816.6177138227738;822.4418356955434;pattern
Q6_131_seed_1066524030;10040;Seq Scan;3;Outer;;5.886;774.735;5.765191284491591;717.4413811626514;operator
Q6_131_seed_1066524030;10037;Aggregate;0;;;788.414;794.154;816.6176702103809;822.4417920765557;pattern
Q6_137_seed_1115748216;10064;Seq Scan;3;Outer;;5.786;794.547;5.766769732922527;717.4444395206476;operator
Q6_137_seed_1115748216;10061;Aggregate;0;;;808.288;813.753;816.6177078819163;822.4418297537696;pattern
Q6_142_seed_1156768371;10088;Seq Scan;3;Outer;;6.259;762.558;5.7667445062364155;717.4443910677826;operator
Q6_142_seed_1156768371;10085;Aggregate;0;;;778.031;783.099;816.6177072834424;822.4418291552039;pattern
Q6_146_seed_1189584495;10104;Seq Scan;3;Outer;;6.699;776.878;5.766558456163452;717.4440332944573;operator
Q6_146_seed_1189584495;10101;Aggregate;0;;;791.574;797.292;816.6177028660165;822.4418247371008;pattern
Q6_14_seed_106652403;10120;Seq Scan;3;Outer;;6.151;811.579;5.765068271106106;717.4411405422195;operator
Q6_14_seed_106652403;10117;Aggregate;0;;;825.176;832.112;816.6176672553465;822.4417891210855;pattern
Q6_16_seed_123060465;10132;Seq Scan;3;Outer;;5.661;776.917;5.767020417345529;717.4449202583892;operator
Q6_16_seed_123060465;10129;Aggregate;0;;;791.23;797.582;816.6177138227738;822.4418356955434;pattern
Q6_18_seed_139468527;10140;Seq Scan;3;Outer;;5.986;768.554;5.7652606755456235;717.4415167501184;operator
Q6_18_seed_139468527;10137;Aggregate;0;;;783.3;789.486;816.6176718760737;822.441793742495;pattern
Q6_28_seed_221508837;10184;Seq Scan;3;Outer;;6.333;789.295;5.7666956292336105;717.4442971504097;operator
Q6_28_seed_221508837;10181;Aggregate;0;;;803.628;809.503;816.6177061235601;822.4418279951433;pattern
Q6_37_seed_295345116;10224;Seq Scan;3;Outer;;6.228;763.258;5.766700359283836;717.4443062414839;operator
Q6_37_seed_295345116;10221;Aggregate;0;;;778.544;787.42;816.6177062358262;822.4418281074267;pattern
Q6_3_seed_16408062;10236;Seq Scan;3;Outer;;6.239;753.948;5.7666656721649945;717.4442395621088;operator
Q6_3_seed_16408062;10233;Aggregate;0;;;771.767;773.178;816.6177054124432;822.4418272839174;pattern
Q6_40_seed_319957209;10240;Seq Scan;3;Outer;;6.072;766.647;5.764997300706017;717.4410015710237;operator
Q6_40_seed_319957209;10237;Aggregate;0;;;781.104;786.274;816.6176655492308;822.4417874147186;pattern
Q6_45_seed_360977364;10260;Seq Scan;3;Outer;;7.661;759.661;5.767025147142575;717.4449293155915;operator
Q6_45_seed_360977364;10257;Aggregate;0;;;773.725;779.324;816.6177139347523;822.4418358075393;pattern
Q6_48_seed_385589457;10272;Seq Scan;3;Outer;;5.868;776.521;5.765024111840789;717.4410540842962;operator
Q6_48_seed_385589457;10269;Aggregate;0;;;792.863;798.035;816.6176661938741;822.4417880594568;pattern
Q6_63_seed_508649922;10340;Seq Scan;3;Outer;;6.574;775.956;5.7666814390618795;717.444269874205;operator
Q6_63_seed_508649922;10337;Aggregate;0;;;793.163;796.717;816.6177057867361;822.4418276582677;pattern
Q6_65_seed_525057984;10348;Seq Scan;3;Outer;;6.503;706.106;5.7653915701307605;717.4417722284707;operator
Q6_65_seed_525057984;10345;Aggregate;0;;;720.313;726.385;816.617675015723;822.4417968826097;pattern
Q6_67_seed_541466046;10356;Seq Scan;3;Outer;;6.041;789.469;5.766881675057646;717.4446543609581;operator
Q6_67_seed_541466046;10353;Aggregate;0;;;803.782;810.612;816.6177105362065;822.4418324084685;pattern
Q6_81_seed_656322480;10420;Seq Scan;3;Outer;;5.642;759.63;5.7666357149445595;717.4441819540164;operator
Q6_81_seed_656322480;10417;Aggregate;0;;;777.783;780.949;816.6177047011583;822.4418265725235;pattern
Q6_86_seed_697342635;10440;Seq Scan;3;Outer;;6.643;799.74;5.766623101332281;717.4441576920585;operator
Q6_86_seed_697342635;10437;Aggregate;0;;;815.396;821.424;816.6177044016198;822.441826272939;pattern
Q6_88_seed_713750697;10448;Seq Scan;3;Outer;;6.02;752.487;5.765153434486106;717.4413071611116;operator
Q6_88_seed_713750697;10445;Aggregate;0;;;766.448;773.782;816.6176693014411;822.4417911674817;pattern
Q7_100_seed_812199069;10510;Seq Scan;8;Outer;;0.131;35.248;0.25102680310939346;31.367810885988177;operator
Q7_100_seed_812199069;10511;Hash;8;Inner;;0.01;0.011;0.011320032005080805;0.011231159573728888;pattern
Q7_100_seed_812199069;10509;Hash Join;7;Outer;;0.148;36.365;4.532398692272409;75.39560308907926;operator
Q7_100_seed_812199069;10507;Seq Scan;6;Outer;;0.129;149.366;0.1060125656522749;153.22948678942822;operator
Q7_100_seed_812199069;10508;Hash;6;Inner;;36.729;36.731;28.70519288583219;28.70562349863627;operator
Q7_100_seed_812199069;10516;Seq Scan;6;Outer;;0.073;2.969;0.04987936346508026;8.196124944673159;operator
Q7_100_seed_812199069;10517;Hash;6;Inner;;0.013;0.014;0.011320032005080805;0.011231159573728888;pattern
Q7_100_seed_812199069;10506;Hash Join;5;Outer;;38.665;214.496;27.806430001412508;176.00274862150582;operator
Q7_100_seed_812199069;10513;Index Scan;5;Inner;;0.031;0.032;0.03841016778591244;0.03666623427070881;operator
Q7_100_seed_812199069;10515;Hash Join;5;Outer;;0.091;3.306;2.328904685826501;66.70732290703586;operator
Q7_100_seed_812199069;10505;Nested Loop;4;Outer;;39.178;1187.837;53.07275738672239;1138.5325535527566;operator
Q7_100_seed_812199069;10514;Hash;4;Inner;;3.353;3.354;18.903451000899366;18.904434768209114;operator
Q7_100_seed_812199069;10504;Hash Join;3;Outer;;47.025;1196.342;57.03558994778659;1115.284492170183;operator
Q7_100_seed_812199069;10503;Sort;2;Outer;;1196.97;1197.003;1143.7561146495946;1144.8943737592374;operator
Q7_100_seed_812199069;10502;Gather Merge;1;Outer;;1199.808;1202.896;1130.589513356723;1127.3886546384406;operator
Q7_100_seed_812199069;10501;Aggregate;0;;;1200.34;1204.005;1083.432832100022;1103.7029085931542;operator
Q7_104_seed_845015193;10582;Seq Scan;8;Outer;;0.209;30.916;0.25102680310939346;31.367810885988177;operator
Q7_104_seed_845015193;10583;Hash;8;Inner;;0.011;0.011;0.011320032005080805;0.011231159573728888;pattern
Q7_104_seed_845015193;10581;Hash Join;7;Outer;;0.23;32.848;4.532398692272409;75.39560308907926;operator
Q7_104_seed_845015193;10579;Seq Scan;6;Outer;;0.176;150.667;0.1060125656522749;153.22948678942822;operator
Q7_104_seed_845015193;10580;Hash;6;Inner;;33.199;33.2;28.70519288583219;28.70562349863627;operator
Q7_104_seed_845015193;10588;Seq Scan;6;Outer;;0.158;3.335;0.04987936346508026;8.196124944673159;operator
Q7_104_seed_845015193;10589;Hash;6;Inner;;0.019;0.019;0.011320032005080805;0.011231159573728888;pattern
Q7_104_seed_845015193;10578;Hash Join;5;Outer;;34.282;209.881;27.806430001412508;176.00274862150582;operator
Q7_104_seed_845015193;10585;Index Scan;5;Inner;;0.031;0.032;0.03841016778591244;0.03666623427070881;operator
Q7_104_seed_845015193;10587;Hash Join;5;Outer;;0.188;3.676;2.328904685826501;66.70732290703586;operator
Q7_104_seed_845015193;10577;Nested Loop;4;Outer;;34.728;1173.866;53.07275738672239;1138.5325535527566;operator
Q7_104_seed_845015193;10586;Hash;4;Inner;;3.726;3.727;18.903451000899366;18.904434768209114;operator
Q7_104_seed_845015193;10576;Hash Join;3;Outer;;41.352;1181.295;57.03558994778659;1115.284492170183;operator
Q7_104_seed_845015193;10575;Sort;2;Outer;;1181.898;1181.927;1143.7561146495946;1144.8943737592374;operator
Q7_104_seed_845015193;10574;Gather Merge;1;Outer;;1184.375;1187.383;1130.589513356723;1127.3886546384406;operator
Q7_104_seed_845015193;10573;Aggregate;0;;;1184.926;1188.492;1083.432832100022;1103.7029085931542;operator
Q7_110_seed_894239379;10708;Seq Scan;8;Outer;;0.185;36.075;0.25102680310939346;31.367810885988177;operator
Q7_110_seed_894239379;10709;Hash;8;Inner;;0.01;0.01;0.011320032005080805;0.011231159573728888;pattern
Q7_110_seed_894239379;10707;Hash Join;7;Outer;;0.205;37.182;4.532398692272409;75.39560308907926;operator
Q7_110_seed_894239379;10705;Seq Scan;6;Outer;;0.315;154.479;0.1060125656522749;153.22948678942822;operator
Q7_110_seed_894239379;10706;Hash;6;Inner;;37.458;37.459;28.70519288583219;28.70562349863627;operator
Q7_110_seed_894239379;10714;Seq Scan;6;Outer;;0.081;2.774;0.04987936346508026;8.196124944673159;operator
Q7_110_seed_894239379;10715;Hash;6;Inner;;0.013;0.014;0.011320032005080805;0.011231159573728888;pattern
Q7_110_seed_894239379;10704;Hash Join;5;Outer;;37.816;217.469;27.806430001412508;176.00274862150582;operator
Q7_110_seed_894239379;10711;Index Scan;5;Inner;;0.032;0.033;0.03841016778591244;0.03666623427070881;operator
Q7_110_seed_894239379;10713;Hash Join;5;Outer;;0.104;3.071;2.328904685826501;66.70732290703586;operator
Q7_110_seed_894239379;10703;Nested Loop;4;Outer;;38.087;1204.721;53.07275738672239;1138.5325535527566;operator
Q7_110_seed_894239379;10712;Hash;4;Inner;;3.115;3.116;18.903451000899366;18.904434768209114;operator
Q7_110_seed_894239379;10702;Hash Join;3;Outer;;44.331;1211.592;57.03558994778659;1115.284492170183;operator
Q7_110_seed_894239379;10701;Sort;2;Outer;;1212.197;1212.227;1143.7561146495946;1144.8943737592374;operator
Q7_110_seed_894239379;10700;Gather Merge;1;Outer;;1214.628;1217.756;1130.589513356723;1127.3886546384406;operator
Q7_110_seed_894239379;10699;Aggregate;0;;;1215.073;1218.75;1083.432832100022;1103.7029085931542;operator
Q7_112_seed_910647441;10744;Seq Scan;8;Outer;;1.29;35.74;0.25102680310939346;31.367810885988177;operator
Q7_112_seed_910647441;10745;Hash;8;Inner;;0.01;0.01;0.011320032005080805;0.011231159573728888;pattern
Q7_112_seed_910647441;10743;Hash Join;7;Outer;;1.308;36.84;4.532398692272409;75.39560308907926;operator
Q7_112_seed_910647441;10741;Seq Scan;6;Outer;;0.216;149.923;0.1060125656522749;153.22948678942822;operator
Q7_112_seed_910647441;10742;Hash;6;Inner;;37.201;37.202;28.70519288583219;28.70562349863627;operator
Q7_112_seed_910647441;10750;Seq Scan;6;Outer;;0.08;2.712;0.04987936346508026;8.196124944673159;operator
Q7_112_seed_910647441;10751;Hash;6;Inner;;0.012;0.013;0.011320032005080805;0.011231159573728888;pattern
Q7_112_seed_910647441;10740;Hash Join;5;Outer;;38.212;212.58;27.806430001412508;176.00274862150582;operator
Q7_112_seed_910647441;10747;Index Scan;5;Inner;;0.031;0.031;0.03841016778591244;0.03666623427070881;operator
Q7_112_seed_910647441;10749;Hash Join;5;Outer;;0.097;3.009;2.328904685826501;66.70732290703586;operator
Q7_112_seed_910647441;10739;Nested Loop;4;Outer;;38.614;1161.078;53.07275738672239;1138.5325535527566;operator
Q7_112_seed_910647441;10748;Hash;4;Inner;;3.047;3.047;18.903451000899366;18.904434768209114;operator
Q7_112_seed_910647441;10738;Hash Join;3;Outer;;41.749;1167.833;57.03558994778659;1115.284492170183;operator
Q7_112_seed_910647441;10737;Sort;2;Outer;;1168.389;1168.419;1143.7561146495946;1144.8943737592374;operator
Q7_112_seed_910647441;10736;Gather Merge;1;Outer;;1170.73;1175.375;1130.589513356723;1127.3886546384406;operator
Q7_112_seed_910647441;10735;Aggregate;0;;;1171.132;1176.29;1083.432832100022;1103.7029085931542;operator
Q7_120_seed_976279689;10906;Seq Scan;8;Outer;;0.18;36.811;0.25102680310939346;31.367810885988177;operator
Q7_120_seed_976279689;10907;Hash;8;Inner;;0.009;0.009;0.011320032005080805;0.011231159573728888;pattern
Q7_120_seed_976279689;10905;Hash Join;7;Outer;;0.196;37.943;4.532398692272409;75.39560308907926;operator
Q7_120_seed_976279689;10903;Seq Scan;6;Outer;;0.296;150.577;0.1060125656522749;153.22948678942822;operator
Q7_120_seed_976279689;10904;Hash;6;Inner;;38.285;38.286;28.70519288583219;28.70562349863627;operator
Q7_120_seed_976279689;10912;Seq Scan;6;Outer;;0.078;2.215;0.04987936346508026;8.196124944673159;operator
Q7_120_seed_976279689;10913;Hash;6;Inner;;0.013;0.013;0.011320032005080805;0.011231159573728888;pattern
Q7_120_seed_976279689;10902;Hash Join;5;Outer;;38.881;214.631;27.806430001412508;176.00274862150582;operator
Q7_120_seed_976279689;10909;Index Scan;5;Inner;;0.031;0.032;0.03841016778591244;0.03666623427070881;operator
Q7_120_seed_976279689;10911;Hash Join;5;Outer;;0.097;2.559;2.328904685826501;66.70732290703586;operator
Q7_120_seed_976279689;10901;Nested Loop;4;Outer;;39.281;1170.371;53.07275738672239;1138.5325535527566;operator
Q7_120_seed_976279689;10910;Hash;4;Inner;;2.607;2.607;18.903451000899366;18.904434768209114;operator
Q7_120_seed_976279689;10900;Hash Join;3;Outer;;43.494;1176.846;57.03558994778659;1115.284492170183;operator
Q7_120_seed_976279689;10899;Sort;2;Outer;;1177.456;1177.487;1143.7561146495946;1144.8943737592374;operator
Q7_120_seed_976279689;10898;Gather Merge;1;Outer;;1180.123;1183.621;1130.589513356723;1127.3886546384406;operator
Q7_120_seed_976279689;10897;Aggregate;0;;;1180.615;1184.646;1083.432832100022;1103.7029085931542;operator
Q7_131_seed_1066524030;11122;Seq Scan;8;Outer;;0.214;35.266;0.25102680310939346;31.367810885988177;operator
Q7_131_seed_1066524030;11123;Hash;8;Inner;;0.008;0.008;0.011320032005080805;0.011231159573728888;pattern
Q7_131_seed_1066524030;11121;Hash Join;7;Outer;;0.233;36.357;4.532398692272409;75.39560308907926;operator
Q7_131_seed_1066524030;11119;Seq Scan;6;Outer;;0.293;153.979;0.1060125656522749;153.22948678942822;operator
Q7_131_seed_1066524030;11120;Hash;6;Inner;;36.957;36.958;28.70519288583219;28.70562349863627;operator
Q7_131_seed_1066524030;11128;Seq Scan;6;Outer;;0.084;2.474;0.04987936346508026;8.196124944673159;operator
Q7_131_seed_1066524030;11129;Hash;6;Inner;;0.016;0.016;0.011320032005080805;0.011231159573728888;pattern
Q7_131_seed_1066524030;11118;Hash Join;5;Outer;;37.302;216.025;27.806430001412508;176.00274862150582;operator
Q7_131_seed_1066524030;11125;Index Scan;5;Inner;;0.031;0.031;0.03841016778591244;0.03666623427070881;operator
Q7_131_seed_1066524030;11127;Hash Join;5;Outer;;0.109;2.822;2.328904685826501;66.70732290703586;operator
Q7_131_seed_1066524030;11117;Nested Loop;4;Outer;;37.607;1163.803;53.07275738672239;1138.5325535527566;operator
Q7_131_seed_1066524030;11126;Hash;4;Inner;;2.87;2.87;18.903451000899366;18.904434768209114;operator
Q7_131_seed_1066524030;11116;Hash Join;3;Outer;;43.725;1170.5;57.03558994778659;1115.284492170183;operator
Q7_131_seed_1066524030;11115;Sort;2;Outer;;1171.092;1171.12;1143.7561146495946;1144.8943737592374;operator
Q7_131_seed_1066524030;11114;Gather Merge;1;Outer;;1173.746;1177.59;1130.589513356723;1127.3886546384406;operator
Q7_131_seed_1066524030;11113;Aggregate;0;;;1174.287;1178.677;1083.432832100022;1103.7029085931542;operator
Q7_137_seed_1115748216;11230;Seq Scan;8;Outer;;0.162;29.831;0.25102680310939346;31.367810885988177;operator
Q7_137_seed_1115748216;11231;Hash;8;Inner;;0.011;0.012;0.011320032005080805;0.011231159573728888;pattern
Q7_137_seed_1115748216;11229;Hash Join;7;Outer;;0.18;30.972;4.532398692272409;75.39560308907926;operator
Q7_137_seed_1115748216;11227;Seq Scan;6;Outer;;0.187;151.567;0.1060125656522749;153.22948678942822;operator
Q7_137_seed_1115748216;11228;Hash;6;Inner;;31.432;31.432;28.70519288583219;28.70562349863627;operator
Q7_137_seed_1115748216;11236;Seq Scan;6;Outer;;0.095;2.42;0.04987936346508026;8.196124944673159;operator
Q7_137_seed_1115748216;11237;Hash;6;Inner;;0.018;0.018;0.011320032005080805;0.011231159573728888;pattern
Q7_137_seed_1115748216;11226;Hash Join;5;Outer;;31.669;213.542;27.806430001412508;176.00274862150582;operator
Q7_137_seed_1115748216;11233;Index Scan;5;Inner;;0.03;0.031;0.03841016778591244;0.03666623427070881;operator
Q7_137_seed_1115748216;11235;Hash Join;5;Outer;;0.121;2.752;2.328904685826501;66.70732290703586;operator
Q7_137_seed_1115748216;11225;Nested Loop;4;Outer;;32.069;1156.096;53.07275738672239;1138.5325535527566;operator
Q7_137_seed_1115748216;11234;Hash;4;Inner;;2.798;2.798;18.903451000899366;18.904434768209114;operator
Q7_137_seed_1115748216;11224;Hash Join;3;Outer;;37.693;1162.523;57.03558994778659;1115.284492170183;operator
Q7_137_seed_1115748216;11223;Sort;2;Outer;;1163.099;1163.129;1143.7561146495946;1144.8943737592374;operator
Q7_137_seed_1115748216;11222;Gather Merge;1;Outer;;1165.518;1168.65;1130.589513356723;1127.3886546384406;operator
Q7_137_seed_1115748216;11221;Aggregate;0;;;1166.06;1169.786;1083.432832100022;1103.7029085931542;operator
Q7_142_seed_1156768371;11338;Seq Scan;8;Outer;;0.012;32.12;0.25102680310939346;31.367810885988177;operator
Q7_142_seed_1156768371;11339;Hash;8;Inner;;0.011;0.012;0.011320032005080805;0.011231159573728888;pattern
Q7_142_seed_1156768371;11337;Hash Join;7;Outer;;0.032;33.511;4.532398692272409;75.39560308907926;operator
Q7_142_seed_1156768371;11335;Seq Scan;6;Outer;;0.247;155.298;0.1060125656522749;153.22948678942822;operator
Q7_142_seed_1156768371;11336;Hash;6;Inner;;35.395;35.396;28.70519288583219;28.70562349863627;operator
Q7_142_seed_1156768371;11344;Seq Scan;6;Outer;;0.084;3.673;0.04987936346508026;8.196124944673159;operator
Q7_142_seed_1156768371;11345;Hash;6;Inner;;0.016;0.016;0.011320032005080805;0.011231159573728888;pattern
Q7_142_seed_1156768371;11334;Hash Join;5;Outer;;35.685;215.353;27.806430001412508;176.00274862150582;operator
Q7_142_seed_1156768371;11341;Index Scan;5;Inner;;0.032;0.033;0.03841016778591244;0.03666623427070881;operator
Q7_142_seed_1156768371;11343;Hash Join;5;Outer;;0.107;4.002;2.328904685826501;66.70732290703586;operator
Q7_142_seed_1156768371;11333;Nested Loop;4;Outer;;36.101;1193.226;53.07275738672239;1138.5325535527566;operator
Q7_142_seed_1156768371;11342;Hash;4;Inner;;4.05;4.051;18.903451000899366;18.904434768209114;operator
Q7_142_seed_1156768371;11332;Hash Join;3;Outer;;41.812;1201.187;57.03558994778659;1115.284492170183;operator
Q7_142_seed_1156768371;11331;Sort;2;Outer;;1201.816;1201.846;1143.7561146495946;1144.8943737592374;operator
Q7_142_seed_1156768371;11330;Gather Merge;1;Outer;;1204.426;1209.409;1130.589513356723;1127.3886546384406;operator
Q7_142_seed_1156768371;11329;Aggregate;0;;;1204.904;1210.403;1083.432832100022;1103.7029085931542;operator
Q7_146_seed_1189584495;11410;Seq Scan;8;Outer;;0.222;34.118;0.25102680310939346;31.367810885988177;operator
Q7_146_seed_1189584495;11411;Hash;8;Inner;;0.01;0.01;0.011320032005080805;0.011231159573728888;pattern
Q7_146_seed_1189584495;11409;Hash Join;7;Outer;;0.24;35.229;4.532398692272409;75.39560308907926;operator
Q7_146_seed_1189584495;11407;Seq Scan;6;Outer;;0.195;151.344;0.1060125656522749;153.22948678942822;operator
Q7_146_seed_1189584495;11408;Hash;6;Inner;;35.852;35.853;28.70519288583219;28.70562349863627;operator
Q7_146_seed_1189584495;11416;Seq Scan;6;Outer;;0.089;2.849;0.04987936346508026;8.196124944673159;operator
Q7_146_seed_1189584495;11417;Hash;6;Inner;;0.016;0.016;0.011320032005080805;0.011231159573728888;pattern
Q7_146_seed_1189584495;11406;Hash Join;5;Outer;;36.236;212.55;27.806430001412508;176.00274862150582;operator
Q7_146_seed_1189584495;11413;Index Scan;5;Inner;;0.03;0.031;0.03841016778591244;0.03666623427070881;operator
Q7_146_seed_1189584495;11415;Hash Join;5;Outer;;0.112;3.624;2.328904685826501;66.70732290703586;operator
Q7_146_seed_1189584495;11405;Nested Loop;4;Outer;;37.053;1168.646;53.07275738672239;1138.5325535527566;operator
Q7_146_seed_1189584495;11414;Hash;4;Inner;;3.679;3.68;18.903451000899366;18.904434768209114;operator
Q7_146_seed_1189584495;11404;Hash Join;3;Outer;;41.299;1176.213;57.03558994778659;1115.284492170183;operator
Q7_146_seed_1189584495;11403;Sort;2;Outer;;1176.857;1176.888;1143.7561146495946;1144.8943737592374;operator
Q7_146_seed_1189584495;11402;Gather Merge;1;Outer;;1178.612;1181.828;1130.589513356723;1127.3886546384406;operator
Q7_146_seed_1189584495;11401;Aggregate;0;;;1179.122;1182.949;1083.432832100022;1103.7029085931542;operator
Q7_14_seed_106652403;11482;Seq Scan;8;Outer;;0.18;35.762;0.25102680310939346;31.367810885988177;operator
Q7_14_seed_106652403;11483;Hash;8;Inner;;0.011;0.011;0.011320032005080805;0.011231159573728888;pattern
Q7_14_seed_106652403;11481;Hash Join;7;Outer;;0.198;36.899;4.532398692272409;75.39560308907926;operator
Q7_14_seed_106652403;11479;Seq Scan;6;Outer;;0.273;152.043;0.1060125656522749;153.22948678942822;operator
Q7_14_seed_106652403;11480;Hash;6;Inner;;37.204;37.204;28.70519288583219;28.70562349863627;operator
Q7_14_seed_106652403;11488;Seq Scan;6;Outer;;0.074;2.01;0.04987936346508026;8.196124944673159;operator
Q7_14_seed_106652403;11489;Hash;6;Inner;;0.012;0.012;0.011320032005080805;0.011231159573728888;pattern
Q7_14_seed_106652403;11478;Hash Join;5;Outer;;37.526;214.366;27.806430001412508;176.00274862150582;operator
Q7_14_seed_106652403;11485;Index Scan;5;Inner;;0.031;0.032;0.03841016778591244;0.03666623427070881;operator
Q7_14_seed_106652403;11487;Hash Join;5;Outer;;0.092;2.338;2.328904685826501;66.70732290703586;operator
Q7_14_seed_106652403;11477;Nested Loop;4;Outer;;37.908;1178.173;53.07275738672239;1138.5325535527566;operator
Q7_14_seed_106652403;11486;Hash;4;Inner;;2.388;2.389;18.903451000899366;18.904434768209114;operator
Q7_14_seed_106652403;11476;Hash Join;3;Outer;;44.215;1185.248;57.03558994778659;1115.284492170183;operator
Q7_14_seed_106652403;11475;Sort;2;Outer;;1185.873;1185.903;1143.7561146495946;1144.8943737592374;operator
Q7_14_seed_106652403;11474;Gather Merge;1;Outer;;1189.343;1192.509;1130.589513356723;1127.3886546384406;operator
Q7_14_seed_106652403;11473;Aggregate;0;;;1189.837;1193.52;1083.432832100022;1103.7029085931542;operator
Q7_16_seed_123060465;11536;Seq Scan;8;Outer;;0.207;34.142;0.25102680310939346;31.367810885988177;operator
Q7_16_seed_123060465;11537;Hash;8;Inner;;0.008;0.008;0.011320032005080805;0.011231159573728888;pattern
Q7_16_seed_123060465;11535;Hash Join;7;Outer;;0.221;35.243;4.532398692272409;75.39560308907926;operator
Q7_16_seed_123060465;11533;Seq Scan;6;Outer;;0.214;147.786;0.1060125656522749;153.22948678942822;operator
Q7_16_seed_123060465;11534;Hash;6;Inner;;35.521;35.521;28.70519288583219;28.70562349863627;operator
Q7_16_seed_123060465;11542;Seq Scan;6;Outer;;0.083;2.701;0.04987936346508026;8.196124944673159;operator
Q7_16_seed_123060465;11543;Hash;6;Inner;;0.017;0.017;0.011320032005080805;0.011231159573728888;pattern
Q7_16_seed_123060465;11532;Hash Join;5;Outer;;35.782;208.366;27.806430001412508;176.00274862150582;operator
Q7_16_seed_123060465;11539;Index Scan;5;Inner;;0.031;0.032;0.03841016778591244;0.03666623427070881;operator
Q7_16_seed_123060465;11541;Hash Join;5;Outer;;0.106;3.025;2.328904685826501;66.70732290703586;operator
Q7_16_seed_123060465;11531;Nested Loop;4;Outer;;36.141;1161.73;53.07275738672239;1138.5325535527566;operator
Q7_16_seed_123060465;11540;Hash;4;Inner;;3.067;3.067;18.903451000899366;18.904434768209114;operator
Q7_16_seed_123060465;11530;Hash Join;3;Outer;;40.67;1168.449;57.03558994778659;1115.284492170183;operator
Q7_16_seed_123060465;11529;Sort;2;Outer;;1169.022;1169.049;1143.7561146495946;1144.8943737592374;operator
Q7_16_seed_123060465;11528;Gather Merge;1;Outer;;1171.495;1177.773;1130.589513356723;1127.3886546384406;operator
Q7_16_seed_123060465;11527;Aggregate;0;;;1172.067;1178.861;1083.432832100022;1103.7029085931542;operator
Q7_18_seed_139468527;11572;Seq Scan;8;Outer;;0.216;40.163;0.25102680310939346;31.367810885988177;operator
Q7_18_seed_139468527;11573;Hash;8;Inner;;0.009;0.009;0.011320032005080805;0.011231159573728888;pattern
Q7_18_seed_139468527;11571;Hash Join;7;Outer;;0.237;41.342;4.532398692272409;75.39560308907926;operator
Q7_18_seed_139468527;11569;Seq Scan;6;Outer;;0.212;151.321;0.1060125656522749;153.22948678942822;operator
Q7_18_seed_139468527;11570;Hash;6;Inner;;41.72;41.72;28.70519288583219;28.70562349863627;operator
Q7_18_seed_139468527;11578;Seq Scan;6;Outer;;0.083;3.327;0.04987936346508026;8.196124944673159;operator
Q7_18_seed_139468527;11579;Hash;6;Inner;;0.017;0.017;0.011320032005080805;0.011231159573728888;pattern
Q7_18_seed_139468527;11568;Hash Join;5;Outer;;42.407;220.483;27.806430001412508;176.00274862150582;operator
Q7_18_seed_139468527;11575;Index Scan;5;Inner;;0.032;0.033;0.03841016778591244;0.03666623427070881;operator
Q7_18_seed_139468527;11577;Hash Join;5;Outer;;0.108;3.661;2.328904685826501;66.70732290703586;operator
Q7_18_seed_139468527;11567;Nested Loop;4;Outer;;43.121;1223.828;53.07275738672239;1138.5325535527566;operator
Q7_18_seed_139468527;11576;Hash;4;Inner;;3.709;3.71;18.903451000899366;18.904434768209114;operator
Q7_18_seed_139468527;11566;Hash Join;3;Outer;;49.828;1231.612;57.03558994778659;1115.284492170183;operator
Q7_18_seed_139468527;11565;Sort;2;Outer;;1232.272;1232.302;1143.7561146495946;1144.8943737592374;operator
Q7_18_seed_139468527;11564;Gather Merge;1;Outer;;1234.603;1237.858;1130.589513356723;1127.3886546384406;operator
Q7_18_seed_139468527;11563;Aggregate;0;;;1235.094;1238.925;1083.432832100022;1103.7029085931542;operator
Q7_28_seed_221508837;11770;Seq Scan;8;Outer;;0.794;35.962;0.25102680310939346;31.367810885988177;operator
Q7_28_seed_221508837;11771;Hash;8;Inner;;0.009;0.009;0.011320032005080805;0.011231159573728888;pattern
Q7_28_seed_221508837;11769;Hash Join;7;Outer;;0.809;37.095;4.532398692272409;75.39560308907926;operator
Q7_28_seed_221508837;11767;Seq Scan;6;Outer;;0.248;152.08;0.1060125656522749;153.22948678942822;operator
Q7_28_seed_221508837;11768;Hash;6;Inner;;37.42;37.421;28.70519288583219;28.70562349863627;operator
Q7_28_seed_221508837;11776;Seq Scan;6;Outer;;0.072;3.086;0.04987936346508026;8.196124944673159;operator
Q7_28_seed_221508837;11777;Hash;6;Inner;;0.013;0.013;0.011320032005080805;0.011231159573728888;pattern
Q7_28_seed_221508837;11766;Hash Join;5;Outer;;38.021;214.616;27.806430001412508;176.00274862150582;operator
Q7_28_seed_221508837;11773;Index Scan;5;Inner;;0.032;0.032;0.03841016778591244;0.03666623427070881;operator
Q7_28_seed_221508837;11775;Hash Join;5;Outer;;0.091;3.416;2.328904685826501;66.70732290703586;operator
Q7_28_seed_221508837;11765;Nested Loop;4;Outer;;38.868;1191.502;53.07275738672239;1138.5325535527566;operator
Q7_28_seed_221508837;11774;Hash;4;Inner;;3.461;3.461;18.903451000899366;18.904434768209114;operator
Q7_28_seed_221508837;11764;Hash Join;3;Outer;;43.288;1198.715;57.03558994778659;1115.284492170183;operator
Q7_28_seed_221508837;11763;Sort;2;Outer;;1199.377;1199.407;1143.7561146495946;1144.8943737592374;operator
Q7_28_seed_221508837;11762;Gather Merge;1;Outer;;1201.666;1205.333;1130.589513356723;1127.3886546384406;operator
Q7_28_seed_221508837;11761;Aggregate;0;;;1202.181;1206.469;1083.432832100022;1103.7029085931542;operator
Q7_37_seed_295345116;11950;Seq Scan;8;Outer;;0.163;34.312;0.25102680310939346;31.367810885988177;operator
Q7_37_seed_295345116;11951;Hash;8;Inner;;0.011;0.012;0.011320032005080805;0.011231159573728888;pattern
Q7_37_seed_295345116;11949;Hash Join;7;Outer;;0.183;35.433;4.532398692272409;75.39560308907926;operator
Q7_37_seed_295345116;11947;Seq Scan;6;Outer;;0.056;152.312;0.1060125656522749;153.22948678942822;operator
Q7_37_seed_295345116;11948;Hash;6;Inner;;35.771;35.772;28.70519288583219;28.70562349863627;operator
Q7_37_seed_295345116;11956;Seq Scan;6;Outer;;0.083;3.526;0.04987936346508026;8.196124944673159;operator
Q7_37_seed_295345116;11957;Hash;6;Inner;;0.016;0.016;0.011320032005080805;0.011231159573728888;pattern
Q7_37_seed_295345116;11946;Hash Join;5;Outer;;38.011;215.455;27.806430001412508;176.00274862150582;operator
Q7_37_seed_295345116;11953;Index Scan;5;Inner;;0.031;0.032;0.03841016778591244;0.03666623427070881;operator
Q7_37_seed_295345116;11955;Hash Join;5;Outer;;0.108;3.86;2.328904685826501;66.70732290703586;operator
Q7_37_seed_295345116;11945;Nested Loop;4;Outer;;39.29;1180.92;53.07275738672239;1138.5325535527566;operator
Q7_37_seed_295345116;11954;Hash;4;Inner;;3.906;3.907;18.903451000899366;18.904434768209114;operator
Q7_37_seed_295345116;11944;Hash Join;3;Outer;;45.824;1188.498;57.03558994778659;1115.284492170183;operator
Q7_37_seed_295345116;11943;Sort;2;Outer;;1189.054;1189.082;1143.7561146495946;1144.8943737592374;operator
Q7_37_seed_295345116;11942;Gather Merge;1;Outer;;1191.346;1194.799;1130.589513356723;1127.3886546384406;operator
Q7_37_seed_295345116;11941;Aggregate;0;;;1191.772;1195.749;1083.432832100022;1103.7029085931542;operator
Q7_3_seed_16408062;12004;Seq Scan;8;Outer;;0.158;33.906;0.25102680310939346;31.367810885988177;operator
Q7_3_seed_16408062;12005;Hash;8;Inner;;0.009;0.01;0.011320032005080805;0.011231159573728888;pattern
Q7_3_seed_16408062;12003;Hash Join;7;Outer;;0.176;35.018;4.532398692272409;75.39560308907926;operator
Q7_3_seed_16408062;12001;Seq Scan;6;Outer;;0.19;153.015;0.1060125656522749;153.22948678942822;operator
Q7_3_seed_16408062;12002;Hash;6;Inner;;35.432;35.432;28.70519288583219;28.70562349863627;operator
Q7_3_seed_16408062;12010;Seq Scan;6;Outer;;0.085;1.865;0.04987936346508026;8.196124944673159;operator
Q7_3_seed_16408062;12011;Hash;6;Inner;;0.013;0.014;0.011320032005080805;0.011231159573728888;pattern
Q7_3_seed_16408062;12000;Hash Join;5;Outer;;36.11;214.218;27.806430001412508;176.00274862150582;operator
Q7_3_seed_16408062;12007;Index Scan;5;Inner;;0.031;0.032;0.03841016778591244;0.03666623427070881;operator
Q7_3_seed_16408062;12009;Hash Join;5;Outer;;0.107;2.182;2.328904685826501;66.70732290703586;operator
Q7_3_seed_16408062;11999;Nested Loop;4;Outer;;36.833;1183.919;53.07275738672239;1138.5325535527566;operator
Q7_3_seed_16408062;12008;Hash;4;Inner;;2.229;2.229;18.903451000899366;18.904434768209114;operator
Q7_3_seed_16408062;11998;Hash Join;3;Outer;;42.921;1189.869;57.03558994778659;1115.284492170183;operator
Q7_3_seed_16408062;11997;Sort;2;Outer;;1190.473;1190.502;1143.7561146495946;1144.8943737592374;operator
Q7_3_seed_16408062;11996;Gather Merge;1;Outer;;1193.627;1196.791;1130.589513356723;1127.3886546384406;operator
Q7_3_seed_16408062;11995;Aggregate;0;;;1194.223;1198.002;1083.432832100022;1103.7029085931542;operator
Q7_40_seed_319957209;12022;Seq Scan;8;Outer;;0.548;34.107;0.25102680310939346;31.367810885988177;operator
Q7_40_seed_319957209;12023;Hash;8;Inner;;0.01;0.01;0.011320032005080805;0.011231159573728888;pattern
Q7_40_seed_319957209;12021;Hash Join;7;Outer;;0.568;35.231;4.532398692272409;75.39560308907926;operator
Q7_40_seed_319957209;12019;Seq Scan;6;Outer;;0.239;155.632;0.1060125656522749;153.22948678942822;operator
Q7_40_seed_319957209;12020;Hash;6;Inner;;35.503;35.503;28.70519288583219;28.70562349863627;operator
Q7_40_seed_319957209;12028;Seq Scan;6;Outer;;0.083;3.28;0.04987936346508026;8.196124944673159;operator
Q7_40_seed_319957209;12029;Hash;6;Inner;;0.015;0.015;0.011320032005080805;0.011231159573728888;pattern
Q7_40_seed_319957209;12018;Hash Join;5;Outer;;35.785;216.637;27.806430001412508;176.00274862150582;operator
Q7_40_seed_319957209;12025;Index Scan;5;Inner;;0.032;0.032;0.03841016778591244;0.03666623427070881;operator
Q7_40_seed_319957209;12027;Hash Join;5;Outer;;0.105;3.615;2.328904685826501;66.70732290703586;operator
Q7_40_seed_319957209;12017;Nested Loop;4;Outer;;36.385;1206.809;53.07275738672239;1138.5325535527566;operator
Q7_40_seed_319957209;12026;Hash;4;Inner;;3.664;3.664;18.903451000899366;18.904434768209114;operator
Q7_40_seed_319957209;12016;Hash Join;3;Outer;;42.044;1214.304;57.03558994778659;1115.284492170183;operator
Q7_40_seed_319957209;12015;Sort;2;Outer;;1214.897;1214.926;1143.7561146495946;1144.8943737592374;operator
Q7_40_seed_319957209;12014;Gather Merge;1;Outer;;1217.467;1221.08;1130.589513356723;1127.3886546384406;operator
Q7_40_seed_319957209;12013;Aggregate;0;;;1217.978;1222.214;1083.432832100022;1103.7029085931542;operator
Q7_45_seed_360977364;12112;Seq Scan;8;Outer;;2.625;37.224;0.25102680310939346;31.367810885988177;operator
Q7_45_seed_360977364;12113;Hash;8;Inner;;0.011;0.011;0.011320032005080805;0.011231159573728888;pattern
Q7_45_seed_360977364;12111;Hash Join;7;Outer;;2.648;38.36;4.532398692272409;75.39560308907926;operator
Q7_45_seed_360977364;12109;Seq Scan;6;Outer;;0.229;151.57;0.1060125656522749;153.22948678942822;operator
Q7_45_seed_360977364;12110;Hash;6;Inner;;38.711;38.712;28.70519288583219;28.70562349863627;operator
Q7_45_seed_360977364;12118;Seq Scan;6;Outer;;0.085;4.65;0.04987936346508026;8.196124944673159;operator
Q7_45_seed_360977364;12119;Hash;6;Inner;;0.015;0.015;0.011320032005080805;0.011231159573728888;pattern
Q7_45_seed_360977364;12108;Hash Join;5;Outer;;39.205;216.148;27.806430001412508;176.00274862150582;operator
Q7_45_seed_360977364;12115;Index Scan;5;Inner;;0.032;0.033;0.03841016778591244;0.03666623427070881;operator
Q7_45_seed_360977364;12117;Hash Join;5;Outer;;0.105;4.98;2.328904685826501;66.70732290703586;operator
Q7_45_seed_360977364;12107;Nested Loop;4;Outer;;39.888;1206.937;53.07275738672239;1138.5325535527566;operator
Q7_45_seed_360977364;12116;Hash;4;Inner;;5.024;5.025;18.903451000899366;18.904434768209114;operator
Q7_45_seed_360977364;12106;Hash Join;3;Outer;;45.812;1215.762;57.03558994778659;1115.284492170183;operator
Q7_45_seed_360977364;12105;Sort;2;Outer;;1216.368;1216.397;1143.7561146495946;1144.8943737592374;operator
Q7_45_seed_360977364;12104;Gather Merge;1;Outer;;1218.656;1222.487;1130.589513356723;1127.3886546384406;operator
Q7_45_seed_360977364;12103;Aggregate;0;;;1219.17;1223.461;1083.432832100022;1103.7029085931542;operator
Q7_48_seed_385589457;12166;Seq Scan;8;Outer;;0.012;33.733;0.25102680310939346;31.367810885988177;operator
Q7_48_seed_385589457;12167;Hash;8;Inner;;0.009;0.01;0.011320032005080805;0.011231159573728888;pattern
Q7_48_seed_385589457;12165;Hash Join;7;Outer;;0.027;34.835;4.532398692272409;75.39560308907926;operator
Q7_48_seed_385589457;12163;Seq Scan;6;Outer;;0.279;152.194;0.1060125656522749;153.22948678942822;operator
Q7_48_seed_385589457;12164;Hash;6;Inner;;36.921;36.922;28.70519288583219;28.70562349863627;operator
Q7_48_seed_385589457;12172;Seq Scan;6;Outer;;0.082;3.424;0.04987936346508026;8.196124944673159;operator
Q7_48_seed_385589457;12173;Hash;6;Inner;;0.014;0.014;0.011320032005080805;0.011231159573728888;pattern
Q7_48_seed_385589457;12162;Hash Join;5;Outer;;37.243;215.396;27.806430001412508;176.00274862150582;operator
Q7_48_seed_385589457;12169;Index Scan;5;Inner;;0.032;0.032;0.03841016778591244;0.03666623427070881;operator
Q7_48_seed_385589457;12171;Hash Join;5;Outer;;0.104;3.758;2.328904685826501;66.70732290703586;operator
Q7_48_seed_385589457;12161;Nested Loop;4;Outer;;37.571;1201.857;53.07275738672239;1138.5325535527566;operator
Q7_48_seed_385589457;12170;Hash;4;Inner;;3.802;3.803;18.903451000899366;18.904434768209114;operator
Q7_48_seed_385589457;12160;Hash Join;3;Outer;;44.478;1209.44;57.03558994778659;1115.284492170183;operator
Q7_48_seed_385589457;12159;Sort;2;Outer;;1210.081;1210.108;1143.7561146495946;1144.8943737592374;operator
Q7_48_seed_385589457;12158;Gather Merge;1;Outer;;1213.144;1216.589;1130.589513356723;1127.3886546384406;operator
Q7_48_seed_385589457;12157;Aggregate;0;;;1213.62;1217.619;1083.432832100022;1103.7029085931542;operator
Q7_63_seed_508649922;12472;Seq Scan;8;Outer;;0.441;34.65;0.25102680310939346;31.367810885988177;operator
Q7_63_seed_508649922;12473;Hash;8;Inner;;0.008;0.009;0.011320032005080805;0.011231159573728888;pattern
Q7_63_seed_508649922;12471;Hash Join;7;Outer;;0.458;35.901;4.532398692272409;75.39560308907926;operator
Q7_63_seed_508649922;12469;Seq Scan;6;Outer;;0.172;158.077;0.1060125656522749;153.22948678942822;operator
Q7_63_seed_508649922;12470;Hash;6;Inner;;36.202;36.203;28.70519288583219;28.70562349863627;operator
Q7_63_seed_508649922;12478;Seq Scan;6;Outer;;0.082;3.591;0.04987936346508026;8.196124944673159;operator
Q7_63_seed_508649922;12479;Hash;6;Inner;;0.016;0.016;0.011320032005080805;0.011231159573728888;pattern
Q7_63_seed_508649922;12468;Hash Join;5;Outer;;37.261;224.636;27.806430001412508;176.00274862150582;operator
Q7_63_seed_508649922;12475;Index Scan;5;Inner;;0.031;0.032;0.03841016778591244;0.03666623427070881;operator
Q7_63_seed_508649922;12477;Hash Join;5;Outer;;0.108;3.929;2.328904685826501;66.70732290703586;operator
Q7_63_seed_508649922;12467;Nested Loop;4;Outer;;37.745;1185.04;53.07275738672239;1138.5325535527566;operator
Q7_63_seed_508649922;12476;Hash;4;Inner;;3.972;3.973;18.903451000899366;18.904434768209114;operator
Q7_63_seed_508649922;12466;Hash Join;3;Outer;;43.122;1193.006;57.03558994778659;1115.284492170183;operator
Q7_63_seed_508649922;12465;Sort;2;Outer;;1193.578;1193.607;1143.7561146495946;1144.8943737592374;operator
Q7_63_seed_508649922;12464;Gather Merge;1;Outer;;1196.725;1202.249;1130.589513356723;1127.3886546384406;operator
Q7_63_seed_508649922;12463;Aggregate;0;;;1197.279;1203.351;1083.432832100022;1103.7029085931542;operator
Q7_65_seed_525057984;12508;Seq Scan;8;Outer;;1.577;34.836;0.25102680310939346;31.367810885988177;operator
Q7_65_seed_525057984;12509;Hash;8;Inner;;0.012;0.012;0.011320032005080805;0.011231159573728888;pattern
Q7_65_seed_525057984;12507;Hash Join;7;Outer;;1.752;35.959;4.532398692272409;75.39560308907926;operator
Q7_65_seed_525057984;12505;Seq Scan;6;Outer;;0.189;154.349;0.1060125656522749;153.22948678942822;operator
Q7_65_seed_525057984;12506;Hash;6;Inner;;36.564;36.564;28.70519288583219;28.70562349863627;operator
Q7_65_seed_525057984;12514;Seq Scan;6;Outer;;0.092;3.238;0.04987936346508026;8.196124944673159;operator
Q7_65_seed_525057984;12515;Hash;6;Inner;;0.016;0.016;0.011320032005080805;0.011231159573728888;pattern
Q7_65_seed_525057984;12504;Hash Join;5;Outer;;37.345;217.195;27.806430001412508;176.00274862150582;operator
Q7_65_seed_525057984;12511;Index Scan;5;Inner;;0.031;0.032;0.03841016778591244;0.03666623427070881;operator
Q7_65_seed_525057984;12513;Hash Join;5;Outer;;0.116;3.599;2.328904685826501;66.70732290703586;operator
Q7_65_seed_525057984;12503;Nested Loop;4;Outer;;37.991;1189.809;53.07275738672239;1138.5325535527566;operator
Q7_65_seed_525057984;12512;Hash;4;Inner;;3.649;3.65;18.903451000899366;18.904434768209114;operator
Q7_65_seed_525057984;12502;Hash Join;3;Outer;;43.764;1197.392;57.03558994778659;1115.284492170183;operator
Q7_65_seed_525057984;12501;Sort;2;Outer;;1197.983;1198.013;1143.7561146495946;1144.8943737592374;operator
Q7_65_seed_525057984;12500;Gather Merge;1;Outer;;1200.218;1203.735;1130.589513356723;1127.3886546384406;operator
Q7_65_seed_525057984;12499;Aggregate;0;;;1200.716;1204.776;1083.432832100022;1103.7029085931542;operator
Q7_67_seed_541466046;12544;Seq Scan;8;Outer;;0.422;31.613;0.25102680310939346;31.367810885988177;operator
Q7_67_seed_541466046;12545;Hash;8;Inner;;0.009;0.01;0.011320032005080805;0.011231159573728888;pattern
Q7_67_seed_541466046;12543;Hash Join;7;Outer;;0.438;32.714;4.532398692272409;75.39560308907926;operator
Q7_67_seed_541466046;12541;Seq Scan;6;Outer;;0.175;151.778;0.1060125656522749;153.22948678942822;operator
Q7_67_seed_541466046;12542;Hash;6;Inner;;33.008;33.009;28.70519288583219;28.70562349863627;operator
Q7_67_seed_541466046;12550;Seq Scan;6;Outer;;0.095;2.548;0.04987936346508026;8.196124944673159;operator
Q7_67_seed_541466046;12551;Hash;6;Inner;;0.013;0.013;0.011320032005080805;0.011231159573728888;pattern
Q7_67_seed_541466046;12540;Hash Join;5;Outer;;33.92;210.517;27.806430001412508;176.00274862150582;operator
Q7_67_seed_541466046;12547;Index Scan;5;Inner;;0.032;0.032;0.03841016778591244;0.03666623427070881;operator
Q7_67_seed_541466046;12549;Hash Join;5;Outer;;0.114;2.894;2.328904685826501;66.70732290703586;operator
Q7_67_seed_541466046;12539;Nested Loop;4;Outer;;35.231;1177.634;53.07275738672239;1138.5325535527566;operator
Q7_67_seed_541466046;12548;Hash;4;Inner;;2.942;2.942;18.903451000899366;18.904434768209114;operator
Q7_67_seed_541466046;12538;Hash Join;3;Outer;;38.707;1184.376;57.03558994778659;1115.284492170183;operator
Q7_67_seed_541466046;12537;Sort;2;Outer;;1184.997;1185.028;1143.7561146495946;1144.8943737592374;operator
Q7_67_seed_541466046;12536;Gather Merge;1;Outer;;1188.004;1193.458;1130.589513356723;1127.3886546384406;operator
Q7_67_seed_541466046;12535;Aggregate;0;;;1188.595;1194.572;1083.432832100022;1103.7029085931542;operator
Q7_81_seed_656322480;12832;Seq Scan;8;Outer;;0.174;35.444;0.25102680310939346;31.367810885988177;operator
Q7_81_seed_656322480;12833;Hash;8;Inner;;0.009;0.01;0.011320032005080805;0.011231159573728888;pattern
Q7_81_seed_656322480;12831;Hash Join;7;Outer;;0.192;36.636;4.532398692272409;75.39560308907926;operator
Q7_81_seed_656322480;12829;Seq Scan;6;Outer;;0.237;150.615;0.1060125656522749;153.22948678942822;operator
Q7_81_seed_656322480;12830;Hash;6;Inner;;37.016;37.017;28.70519288583219;28.70562349863627;operator
Q7_81_seed_656322480;12838;Seq Scan;6;Outer;;0.083;2.937;0.04987936346508026;8.196124944673159;operator
Q7_81_seed_656322480;12839;Hash;6;Inner;;0.015;0.015;0.011320032005080805;0.011231159573728888;pattern
Q7_81_seed_656322480;12828;Hash Join;5;Outer;;37.427;213.496;27.806430001412508;176.00274862150582;operator
Q7_81_seed_656322480;12835;Index Scan;5;Inner;;0.032;0.032;0.03841016778591244;0.03666623427070881;operator
Q7_81_seed_656322480;12837;Hash Join;5;Outer;;0.105;3.364;2.328904685826501;66.70732290703586;operator
Q7_81_seed_656322480;12827;Nested Loop;4;Outer;;37.675;1201.452;53.07275738672239;1138.5325535527566;operator
Q7_81_seed_656322480;12836;Hash;4;Inner;;3.406;3.406;18.903451000899366;18.904434768209114;operator
Q7_81_seed_656322480;12826;Hash Join;3;Outer;;42.832;1208.627;57.03558994778659;1115.284492170183;operator
Q7_81_seed_656322480;12825;Sort;2;Outer;;1209.195;1209.223;1143.7561146495946;1144.8943737592374;operator
Q7_81_seed_656322480;12824;Gather Merge;1;Outer;;1211.768;1215.483;1130.589513356723;1127.3886546384406;operator
Q7_81_seed_656322480;12823;Aggregate;0;;;1212.26;1216.462;1083.432832100022;1103.7029085931542;operator
Q7_86_seed_697342635;12922;Seq Scan;8;Outer;;0.225;35.629;0.25102680310939346;31.367810885988177;operator
Q7_86_seed_697342635;12923;Hash;8;Inner;;0.01;0.01;0.011320032005080805;0.011231159573728888;pattern
Q7_86_seed_697342635;12921;Hash Join;7;Outer;;0.475;36.734;4.532398692272409;75.39560308907926;operator
Q7_86_seed_697342635;12919;Seq Scan;6;Outer;;0.352;150.09;0.1060125656522749;153.22948678942822;operator
Q7_86_seed_697342635;12920;Hash;6;Inner;;37.055;37.056;28.70519288583219;28.70562349863627;operator
Q7_86_seed_697342635;12928;Seq Scan;6;Outer;;0.077;2.58;0.04987936346508026;8.196124944673159;operator
Q7_86_seed_697342635;12929;Hash;6;Inner;;0.017;0.017;0.011320032005080805;0.011231159573728888;pattern
Q7_86_seed_697342635;12918;Hash Join;5;Outer;;37.765;212.637;27.806430001412508;176.00274862150582;operator
Q7_86_seed_697342635;12925;Index Scan;5;Inner;;0.032;0.033;0.03841016778591244;0.03666623427070881;operator
Q7_86_seed_697342635;12927;Hash Join;5;Outer;;0.105;2.921;2.328904685826501;66.70732290703586;operator
Q7_86_seed_697342635;12917;Nested Loop;4;Outer;;38.355;1191.94;53.07275738672239;1138.5325535527566;operator
Q7_86_seed_697342635;12926;Hash;4;Inner;;2.973;2.973;18.903451000899366;18.904434768209114;operator
Q7_86_seed_697342635;12916;Hash Join;3;Outer;;42.513;1198.622;57.03558994778659;1115.284492170183;operator
Q7_86_seed_697342635;12915;Sort;2;Outer;;1199.192;1199.22;1143.7561146495946;1144.8943737592374;operator
Q7_86_seed_697342635;12914;Gather Merge;1;Outer;;1201.733;1205.991;1130.589513356723;1127.3886546384406;operator
Q7_86_seed_697342635;12913;Aggregate;0;;;1202.218;1206.968;1083.432832100022;1103.7029085931542;operator
Q7_88_seed_713750697;12958;Seq Scan;8;Outer;;0.175;34.223;0.25102680310939346;31.367810885988177;operator
Q7_88_seed_713750697;12959;Hash;8;Inner;;0.009;0.01;0.011320032005080805;0.011231159573728888;pattern
Q7_88_seed_713750697;12957;Hash Join;7;Outer;;0.194;35.34;4.532398692272409;75.39560308907926;operator
Q7_88_seed_713750697;12955;Seq Scan;6;Outer;;0.191;150.632;0.1060125656522749;153.22948678942822;operator
Q7_88_seed_713750697;12956;Hash;6;Inner;;35.67;35.671;28.70519288583219;28.70562349863627;operator
Q7_88_seed_713750697;12964;Seq Scan;6;Outer;;0.085;3.494;0.04987936346508026;8.196124944673159;operator
Q7_88_seed_713750697;12965;Hash;6;Inner;;0.019;0.019;0.011320032005080805;0.011231159573728888;pattern
Q7_88_seed_713750697;12954;Hash Join;5;Outer;;36.806;212.263;27.806430001412508;176.00274862150582;operator
Q7_88_seed_713750697;12961;Index Scan;5;Inner;;0.032;0.033;0.03841016778591244;0.03666623427070881;operator
Q7_88_seed_713750697;12963;Hash Join;5;Outer;;0.113;3.819;2.328904685826501;66.70732290703586;operator
Q7_88_seed_713750697;12953;Nested Loop;4;Outer;;37.139;1184.792;53.07275738672239;1138.5325535527566;operator
Q7_88_seed_713750697;12962;Hash;4;Inner;;3.863;3.863;18.903451000899366;18.904434768209114;operator
Q7_88_seed_713750697;12952;Hash Join;3;Outer;;41.588;1192.567;57.03558994778659;1115.284492170183;operator
Q7_88_seed_713750697;12951;Sort;2;Outer;;1193.176;1193.207;1143.7561146495946;1144.8943737592374;operator
Q7_88_seed_713750697;12950;Gather Merge;1;Outer;;1195.08;1198.178;1130.589513356723;1127.3886546384406;operator
Q7_88_seed_713750697;12949;Aggregate;0;;;1195.613;1199.304;1083.432832100022;1103.7029085931542;operator
Q8_100_seed_812199069;13215;Seq Scan;12;Outer;;0.015;0.016;0.05216672287527907;7.757827658124796;operator
Q8_100_seed_812199069;13216;Hash;12;Inner;;0.232;0.232;0.03292925785192935;0.030468814398730615;pattern
Q8_100_seed_812199069;13214;Hash Join;11;Outer;;0.255;0.257;2.1512257084426665;66.45776829594377;operator
Q8_100_seed_812199069;13212;Seq Scan;10;Outer;;0.49;31.977;0.25102680310939346;31.367810885988177;operator
Q8_100_seed_812199069;13213;Hash;10;Inner;;0.26;0.26;18.155659385962423;18.156688846228718;operator
Q8_100_seed_812199069;13211;Hash Join;9;Outer;;0.758;33.562;5.228340350102513;75.97447001183843;operator
Q8_100_seed_812199069;13209;Seq Scan;8;Outer;;0.182;159.292;0.2410337655242294;162.27667892117017;operator
Q8_100_seed_812199069;13210;Hash;8;Inner;;34.233;34.234;29.28205376837394;29.282430978665502;operator
Q8_100_seed_812199069;13208;Hash Join;7;Outer;;35.754;212.396;28.927803186623862;184.56743353507397;operator
Q8_100_seed_812199069;13218;Index Scan;7;Inner;;0.039;0.042;0.038410165422925024;0.03666623427070881;operator
Q8_100_seed_812199069;13207;Nested Loop;6;Outer;;35.935;1178.314;14.06300645421183;1117.4479055860988;operator
Q8_100_seed_812199069;13219;Hash;6;Inner;;41.866;41.867;13.767073738801303;13.659168406340942;pattern
Q8_100_seed_812199069;13206;Hash Join;5;Outer;;81.898;1224.724;34.974452473441005;1065.657026943531;operator
Q8_100_seed_812199069;13221;Index Scan;5;Inner;;0.006;0.006;0.005680859866983856;0.011608314551269927;operator
Q8_100_seed_812199069;13205;Nested Loop;4;Outer;;82.002;1228.49;54.84956402246658;1146.0541998957576;operator
Q8_100_seed_812199069;13222;Hash;4;Inner;;0.015;0.015;0.011122619810567613;0.011231159573728888;pattern
Q8_100_seed_812199069;13204;Hash Join;3;Outer;;82.091;1228.814;58.69118565255478;1113.8431334118527;operator
Q8_100_seed_812199069;13203;Sort;2;Outer;;1229.049;1229.063;1092.549041689437;1093.984639040278;operator
Q8_100_seed_812199069;13202;Gather Merge;1;Outer;;1231.074;1233.549;1125.3605058181695;1120.4942136635186;operator
Q8_100_seed_812199069;13201;Aggregate;0;;;1231.425;1233.985;1080.639923736103;1100.0241231648192;operator
Q8_104_seed_845015193;13307;Seq Scan;12;Outer;;0.008;0.008;0.05216672287527907;7.757827658124796;operator
Q8_104_seed_845015193;13308;Hash;12;Inner;;0.058;0.059;0.03292925785192935;0.030468814398730615;pattern
Q8_104_seed_845015193;13306;Hash Join;11;Outer;;0.072;0.074;2.1512257084426665;66.45776829594377;operator
Q8_104_seed_845015193;13304;Seq Scan;10;Outer;;0.199;32.135;0.25102680310939346;31.367810885988177;operator
Q8_104_seed_845015193;13305;Hash;10;Inner;;0.075;0.076;18.155659385962423;18.156688846228718;operator
Q8_104_seed_845015193;13303;Hash Join;9;Outer;;0.282;33.512;5.228340350102513;75.97447001183843;operator
Q8_104_seed_845015193;13301;Seq Scan;8;Outer;;0.236;156.998;0.2410337655242294;162.27667892117017;operator
Q8_104_seed_845015193;13302;Hash;8;Inner;;34.029;34.03;29.28205376837394;29.282430978665502;operator
Q8_104_seed_845015193;13300;Hash Join;7;Outer;;35.398;210.309;28.927803186623862;184.56743353507397;operator
Q8_104_seed_845015193;13310;Index Scan;7;Inner;;0.038;0.041;0.038410165422925024;0.03666623427070881;operator
Q8_104_seed_845015193;13299;Nested Loop;6;Outer;;36.884;1148.726;14.06300645421183;1117.4479055860988;operator
Q8_104_seed_845015193;13311;Hash;6;Inner;;39.021;39.021;13.767073738801303;13.659168406340942;pattern
Q8_104_seed_845015193;13298;Hash Join;5;Outer;;78.761;1193.696;34.97443753961244;1065.6570095564414;operator
Q8_104_seed_845015193;13313;Index Scan;5;Inner;;0.007;0.007;0.005680859866983856;0.011608314551269927;operator
Q8_104_seed_845015193;13297;Nested Loop;4;Outer;;79.008;1198.248;54.849562814173055;1146.0539345370946;operator
Q8_104_seed_845015193;13314;Hash;4;Inner;;0.016;0.016;0.011122619810567613;0.011231159573728888;pattern
Q8_104_seed_845015193;13296;Hash Join;3;Outer;;79.079;1198.554;58.691107940188594;1113.8429505467054;operator
Q8_104_seed_845015193;13295;Sort;2;Outer;;1198.782;1198.794;1092.5490270407308;1093.984624343838;operator
Q8_104_seed_845015193;13294;Gather Merge;1;Outer;;1204.202;1205.889;1125.4163729466109;1120.4942117854112;operator
Q8_104_seed_845015193;13293;Aggregate;0;;;1204.532;1206.313;1080.6505677965847;1100.0353796366267;operator
Q8_110_seed_894239379;13468;Seq Scan;12;Outer;;0.011;0.012;0.05216672287527907;7.757827658124796;operator
Q8_110_seed_894239379;13469;Hash;12;Inner;;0.218;0.219;0.03292925785192935;0.030468814398730615;pattern
Q8_110_seed_894239379;13467;Hash Join;11;Outer;;0.235;0.237;2.1512257084426665;66.45776829594377;operator
Q8_110_seed_894239379;13465;Seq Scan;10;Outer;;0.02;33.387;0.25102680310939346;31.367810885988177;operator
Q8_110_seed_894239379;13466;Hash;10;Inner;;0.24;0.241;18.155659385962423;18.156688846228718;operator
Q8_110_seed_894239379;13464;Hash Join;9;Outer;;0.266;34.912;5.228340350102513;75.97447001183843;operator
Q8_110_seed_894239379;13462;Seq Scan;8;Outer;;0.269;155.971;0.2410337655242294;162.27667892117017;operator
Q8_110_seed_894239379;13463;Hash;8;Inner;;35.784;35.785;29.28205376837394;29.282430978665502;operator
Q8_110_seed_894239379;13461;Hash Join;7;Outer;;36.102;210.203;28.927803186623862;184.56743353507397;operator
Q8_110_seed_894239379;13471;Index Scan;7;Inner;;0.04;0.042;0.038410165422925024;0.03666623427070881;operator
Q8_110_seed_894239379;13460;Nested Loop;6;Outer;;36.371;1176.081;14.06300645421183;1117.4479055860988;operator
Q8_110_seed_894239379;13472;Hash;6;Inner;;39.502;39.502;13.767073738801303;13.659168406340942;pattern
Q8_110_seed_894239379;13459;Hash Join;5;Outer;;79.632;1219.967;34.97449167488335;1065.6570725840563;operator
Q8_110_seed_894239379;13474;Index Scan;5;Inner;;0.005;0.005;0.005680859866983856;0.011608314551269927;operator
Q8_110_seed_894239379;13458;Nested Loop;4;Outer;;79.741;1223.511;54.849567194211176;1146.05489125505;operator
Q8_110_seed_894239379;13475;Hash;4;Inner;;0.013;0.013;0.011122619810567613;0.011231159573728888;pattern
Q8_110_seed_894239379;13457;Hash Join;3;Outer;;79.82;1223.827;58.69138521212325;1113.8436022901587;operator
Q8_110_seed_894239379;13456;Sort;2;Outer;;1224.082;1224.096;1092.5490792527767;1093.984676726195;operator
Q8_110_seed_894239379;13455;Gather Merge;1;Outer;;1226.746;1229.169;1125.326951493428;1120.4942184795177;operator
Q8_110_seed_894239379;13454;Aggregate;0;;;1227.028;1229.565;1080.6335318038214;1100.0173641394076;operator
Q8_112_seed_910647441;13514;Seq Scan;12;Outer;;0.009;0.01;0.05216672287527907;7.757827658124796;operator
Q8_112_seed_910647441;13515;Hash;12;Inner;;0.211;0.212;0.03292925785192935;0.030468814398730615;pattern
Q8_112_seed_910647441;13513;Hash Join;11;Outer;;0.229;0.232;2.1512257084426665;66.45776829594377;operator
Q8_112_seed_910647441;13511;Seq Scan;10;Outer;;0.029;39.922;0.25102680310939346;31.367810885988177;operator
Q8_112_seed_910647441;13512;Hash;10;Inner;;0.235;0.235;18.155659385962423;18.156688846228718;operator
Q8_112_seed_910647441;13510;Hash Join;9;Outer;;0.271;41.56;5.228340350102513;75.97447001183843;operator
Q8_112_seed_910647441;13508;Seq Scan;8;Outer;;0.209;160.792;0.2410337655242294;162.27667892117017;operator
Q8_112_seed_910647441;13509;Hash;8;Inner;;42.227;42.228;29.28205376837394;29.282430978665502;operator
Q8_112_seed_910647441;13507;Hash Join;7;Outer;;43.324;222.592;28.927803186623862;184.56743353507397;operator
Q8_112_seed_910647441;13517;Index Scan;7;Inner;;0.041;0.043;0.038410165422925024;0.03666623427070881;operator
Q8_112_seed_910647441;13506;Nested Loop;6;Outer;;43.509;1206.031;14.06300645421183;1117.4479055860988;operator
Q8_112_seed_910647441;13518;Hash;6;Inner;;40.371;40.371;13.767073738801303;13.659168406340942;pattern
Q8_112_seed_910647441;13505;Hash Join;5;Outer;;89.154;1250.768;34.974428205985134;1065.6569986894483;operator
Q8_112_seed_910647441;13520;Index Scan;5;Inner;;0.006;0.006;0.005680859866983856;0.011608314551269927;operator
Q8_112_seed_910647441;13504;Nested Loop;4;Outer;;89.338;1254.764;54.849562058986834;1146.0537882409715;operator
Q8_112_seed_910647441;13521;Hash;4;Inner;;0.014;0.014;0.011122619810567613;0.011231159573728888;pattern
Q8_112_seed_910647441;13503;Hash Join;3;Outer;;89.408;1255.067;58.69106456971539;1113.8428488190857;operator
Q8_112_seed_910647441;13502;Sort;2;Outer;;1255.289;1255.302;1092.5490188902481;1093.9846161667153;operator
Q8_112_seed_910647441;13501;Gather Merge;1;Outer;;1257.288;1260.037;1125.442275942691;1120.4942107404345;operator
Q8_112_seed_910647441;13500;Aggregate;0;;;1257.578;1260.425;1080.6555029271537;1100.0405988947543;operator
Q8_120_seed_976279689;13721;Seq Scan;12;Outer;;0.011;0.011;0.05216672287527907;7.757827658124796;operator
Q8_120_seed_976279689;13722;Hash;12;Inner;;0.165;0.165;0.03292925785192935;0.030468814398730615;pattern
Q8_120_seed_976279689;13720;Hash Join;11;Outer;;0.182;0.184;2.1512257084426665;66.45776829594377;operator
Q8_120_seed_976279689;13718;Seq Scan;10;Outer;;0.076;31.497;0.25102680310939346;31.367810885988177;operator
Q8_120_seed_976279689;13719;Hash;10;Inner;;0.186;0.187;18.155659385962423;18.156688846228718;operator
Q8_120_seed_976279689;13717;Hash Join;9;Outer;;0.27;32.982;5.228340350102513;75.97447001183843;operator
Q8_120_seed_976279689;13715;Seq Scan;8;Outer;;0.23;159.604;0.2410337655242294;162.27667892117017;operator
Q8_120_seed_976279689;13716;Hash;8;Inner;;33.831;33.833;29.28205376837394;29.282430978665502;operator
Q8_120_seed_976279689;13714;Hash Join;7;Outer;;34.256;211.622;28.927803186623862;184.56743353507397;operator
Q8_120_seed_976279689;13724;Index Scan;7;Inner;;0.039;0.041;0.038410165422925024;0.03666623427070881;operator
Q8_120_seed_976279689;13713;Nested Loop;6;Outer;;34.519;1147.584;14.06300645421183;1117.4479055860988;operator
Q8_120_seed_976279689;13725;Hash;6;Inner;;40.826;40.826;13.767073738801303;13.659168406340942;pattern
Q8_120_seed_976279689;13712;Hash Join;5;Outer;;80.026;1192.873;34.97448234118798;1065.6570617173418;operator
Q8_120_seed_976279689;13727;Index Scan;5;Inner;;0.006;0.006;0.005680859866983856;0.011608314551269927;operator
Q8_120_seed_976279689;13711;Nested Loop;4;Outer;;80.237;1196.843;54.84956643903725;1146.0547693733697;operator
Q8_120_seed_976279689;13728;Hash;4;Inner;;0.013;0.013;0.011122619810567613;0.011231159573728888;pattern
Q8_120_seed_976279689;13710;Hash Join;3;Outer;;80.311;1197.146;58.69134976529558;1113.8435199216851;operator
Q8_120_seed_976279689;13709;Sort;2;Outer;;1197.38;1197.393;1092.5490726499688;1093.984670101613;operator
Q8_120_seed_976279689;13708;Gather Merge;1;Outer;;1201.534;1202.003;1125.4546718708764;1120.4942176329569;operator
Q8_120_seed_976279689;13707;Aggregate;0;;;1201.9;1202.522;1080.6578665798238;1100.043099446671;operator
Q8_131_seed_1066524030;13997;Seq Scan;12;Outer;;0.011;0.012;0.05216672287527907;7.757827658124796;operator
Q8_131_seed_1066524030;13998;Hash;12;Inner;;0.171;0.172;0.03292925785192935;0.030468814398730615;pattern
Q8_131_seed_1066524030;13996;Hash Join;11;Outer;;0.19;0.192;2.1512257084426665;66.45776829594377;operator
Q8_131_seed_1066524030;13994;Seq Scan;10;Outer;;0.2;29.428;0.25102680310939346;31.367810885988177;operator
Q8_131_seed_1066524030;13995;Hash;10;Inner;;0.194;0.195;18.155659385962423;18.156688846228718;operator
Q8_131_seed_1066524030;13993;Hash Join;9;Outer;;0.403;30.96;5.228340350102513;75.97447001183843;operator
Q8_131_seed_1066524030;13991;Seq Scan;8;Outer;;0.289;158.201;0.2410337655242294;162.27667892117017;operator
Q8_131_seed_1066524030;13992;Hash;8;Inner;;31.564;31.565;29.28205376837394;29.282430978665502;operator
Q8_131_seed_1066524030;13990;Hash Join;7;Outer;;31.929;207.524;28.927803186623862;184.56743353507397;operator
Q8_131_seed_1066524030;14000;Index Scan;7;Inner;;0.037;0.039;0.038410165422925024;0.03666623427070881;operator
Q8_131_seed_1066524030;13989;Nested Loop;6;Outer;;32.16;1126.763;14.06300645421183;1117.4479055860988;operator
Q8_131_seed_1066524030;14001;Hash;6;Inner;;38.512;38.512;13.767073738801303;13.659168406340942;pattern
Q8_131_seed_1066524030;13988;Hash Join;5;Outer;;76.713;1169.802;34.97448980814376;1065.6570704107176;operator
Q8_131_seed_1066524030;14003;Index Scan;5;Inner;;0.006;0.006;0.005680859866983856;0.011608314551269927;operator
Q8_131_seed_1066524030;13987;Nested Loop;4;Outer;;76.9;1173.621;54.84956704317656;1146.0548910379098;operator
Q8_131_seed_1066524030;14004;Hash;4;Inner;;0.014;0.014;0.011122619810567613;0.011231159573728888;pattern
Q8_131_seed_1066524030;13986;Hash Join;3;Outer;;76.997;1173.949;58.69138482437136;1113.8436020169916;operator
Q8_131_seed_1066524030;13985;Sort;2;Outer;;1174.197;1174.211;1092.5490792281037;1093.984676701283;operator
Q8_131_seed_1066524030;13984;Gather Merge;1;Outer;;1176.344;1178.663;1125.4249313246314;1120.494218476344;operator
Q8_131_seed_1066524030;13983;Aggregate;0;;;1176.646;1179.063;1080.6522002068898;1100.0371067505107;operator
Q8_137_seed_1115748216;14135;Seq Scan;12;Outer;;0.009;0.01;0.05216672287527907;7.757827658124796;operator
Q8_137_seed_1115748216;14136;Hash;12;Inner;;0.219;0.219;0.03292925785192935;0.030468814398730615;pattern
Q8_137_seed_1115748216;14134;Hash Join;11;Outer;;0.235;0.237;2.1512257084426665;66.45776829594377;operator
Q8_137_seed_1115748216;14132;Seq Scan;10;Outer;;0.026;33.646;0.25102680310939346;31.367810885988177;operator
Q8_137_seed_1115748216;14133;Hash;10;Inner;;0.24;0.24;18.155659385962423;18.156688846228718;operator
Q8_137_seed_1115748216;14131;Hash Join;9;Outer;;0.276;35.303;5.228340350102513;75.97447001183843;operator
Q8_137_seed_1115748216;14129;Seq Scan;8;Outer;;0.257;159.273;0.2410337655242294;162.27667892117017;operator
Q8_137_seed_1115748216;14130;Hash;8;Inner;;36.199;36.2;29.28205376837394;29.282430978665502;operator
Q8_137_seed_1115748216;14128;Hash Join;7;Outer;;36.498;213.01;28.927803186623862;184.56743353507397;operator
Q8_137_seed_1115748216;14138;Index Scan;7;Inner;;0.039;0.041;0.038410165422925024;0.03666623427070881;operator
Q8_137_seed_1115748216;14127;Nested Loop;6;Outer;;36.724;1166.834;14.06300645421183;1117.4479055860988;operator
Q8_137_seed_1115748216;14139;Hash;6;Inner;;43.353;43.353;13.767073738801303;13.659168406340942;pattern
Q8_137_seed_1115748216;14126;Hash Join;5;Outer;;82.564;1214.64;34.97443380616069;1065.65700520965;operator
Q8_137_seed_1115748216;14141;Index Scan;5;Inner;;0.006;0.006;0.005680859866983856;0.011608314551269927;operator
Q8_137_seed_1115748216;14125;Nested Loop;4;Outer;;82.847;1218.922;54.849562512099;1146.0538468698153;operator
Q8_137_seed_1115748216;14142;Hash;4;Inner;;0.016;0.016;0.011122619810567613;0.011231159573728888;pattern
Q8_137_seed_1115748216;14124;Hash Join;3;Outer;;82.941;1219.256;58.69108215580362;1113.842889456423;operator
Q8_137_seed_1115748216;14123;Sort;2;Outer;;1219.493;1219.506;1092.549022148816;1093.9846194360864;operator
Q8_137_seed_1115748216;14122;Gather Merge;1;Outer;;1222.659;1224.783;1125.4011151344246;1120.4942111582263;operator
Q8_137_seed_1115748216;14121;Aggregate;0;;;1222.984;1225.216;1080.647660504957;1100.0323048946132;operator
Q8_142_seed_1156768371;14273;Seq Scan;12;Outer;;0.009;0.009;0.05216672287527907;7.757827658124796;operator
Q8_142_seed_1156768371;14274;Hash;12;Inner;;0.242;0.242;0.03292925785192935;0.030468814398730615;pattern
Q8_142_seed_1156768371;14272;Hash Join;11;Outer;;0.256;0.258;2.1512257084426665;66.45776829594377;operator
Q8_142_seed_1156768371;14270;Seq Scan;10;Outer;;0.215;35.494;0.25102680310939346;31.367810885988177;operator
Q8_142_seed_1156768371;14271;Hash;10;Inner;;0.26;0.261;18.155659385962423;18.156688846228718;operator
Q8_142_seed_1156768371;14269;Hash Join;9;Outer;;0.483;37.057;5.228340350102513;75.97447001183843;operator
Q8_142_seed_1156768371;14267;Seq Scan;8;Outer;;0.248;160.402;0.2410337655242294;162.27667892117017;operator
Q8_142_seed_1156768371;14268;Hash;8;Inner;;37.677;37.677;29.28205376837394;29.282430978665502;operator
Q8_142_seed_1156768371;14266;Hash Join;7;Outer;;37.966;216.466;28.927803186623862;184.56743353507397;operator
Q8_142_seed_1156768371;14276;Index Scan;7;Inner;;0.04;0.042;0.038410165422925024;0.03666623427070881;operator
Q8_142_seed_1156768371;14265;Nested Loop;6;Outer;;38.184;1174.372;14.06300645421183;1117.4479055860988;operator
Q8_142_seed_1156768371;14277;Hash;6;Inner;;40.433;40.433;13.767073738801303;13.659168406340942;pattern
Q8_142_seed_1156768371;14264;Hash Join;5;Outer;;82.349;1219.108;34.97440953876509;1065.6569769553175;operator
Q8_142_seed_1156768371;14279;Index Scan;5;Inner;;0.007;0.007;0.005680859866983856;0.011608314551269927;operator
Q8_142_seed_1156768371;14263;Nested Loop;4;Outer;;82.613;1222.956;54.84956054860814;1146.0534411961858;operator
Q8_142_seed_1156768371;14280;Hash;4;Inner;;0.014;0.014;0.011122619810567613;0.011231159573728888;pattern
Q8_142_seed_1156768371;14262;Hash Join;3;Outer;;82.708;1223.27;58.69096153289681;1113.842605771547;operator
Q8_142_seed_1156768371;14261;Sort;2;Outer;;1223.5;1223.513;1092.5489994231204;1093.9845966362998;operator
Q8_142_seed_1156768371;14260;Gather Merge;1;Outer;;1225.392;1227.979;1125.432745383333;1120.4942082445677;operator
Q8_142_seed_1156768371;14259;Aggregate;0;;;1225.652;1228.319;1080.6536863769586;1100.0386774453427;operator
Q8_146_seed_1189584495;14365;Seq Scan;12;Outer;;0.01;0.011;0.05216672287527907;7.757827658124796;operator
Q8_146_seed_1189584495;14366;Hash;12;Inner;;0.219;0.219;0.03292925785192935;0.030468814398730615;pattern
Q8_146_seed_1189584495;14364;Hash Join;11;Outer;;0.235;0.237;2.1512257084426665;66.45776829594377;operator
Q8_146_seed_1189584495;14362;Seq Scan;10;Outer;;0.079;28.255;0.25102680310939346;31.367810885988177;operator
Q8_146_seed_1189584495;14363;Hash;10;Inner;;0.239;0.24;18.155659385962423;18.156688846228718;operator
Q8_146_seed_1189584495;14361;Hash Join;9;Outer;;0.327;29.822;5.228340350102513;75.97447001183843;operator
Q8_146_seed_1189584495;14359;Seq Scan;8;Outer;;0.22;158.898;0.2410337655242294;162.27667892117017;operator
Q8_146_seed_1189584495;14360;Hash;8;Inner;;30.632;30.633;29.28205376837394;29.282430978665502;operator
Q8_146_seed_1189584495;14358;Hash Join;7;Outer;;30.913;207.359;28.927803186623862;184.56743353507397;operator
Q8_146_seed_1189584495;14368;Index Scan;7;Inner;;0.04;0.041;0.038410165422925024;0.03666623427070881;operator
Q8_146_seed_1189584495;14357;Nested Loop;6;Outer;;31.141;1172.027;14.06300645421183;1117.4479055860988;operator
Q8_146_seed_1189584495;14369;Hash;6;Inner;;33.245;33.245;13.767073738801303;13.659168406340942;pattern
Q8_146_seed_1189584495;14356;Hash Join;5;Outer;;66.01;1209.703;34.97445434017189;1065.6570291169082;operator
Q8_146_seed_1189584495;14371;Index Scan;5;Inner;;0.006;0.006;0.005680859866983856;0.011608314551269927;operator
Q8_146_seed_1189584495;14355;Nested Loop;4;Outer;;66.177;1213.306;54.84956417350291;1146.054229582181;operator
Q8_146_seed_1189584495;14372;Hash;4;Inner;;0.013;0.013;0.011122619810567613;0.011231159573728888;pattern
Q8_146_seed_1189584495;14354;Hash Join;3;Outer;;66.243;1213.608;58.6911943907572;1113.8431538910277;operator
Q8_146_seed_1189584495;14353;Sort;2;Outer;;1213.835;1213.848;1092.5490433303157;1093.984640686524;operator
Q8_146_seed_1189584495;14352;Gather Merge;1;Outer;;1220.84;1223.014;1125.3151792481374;1120.4942138738966;operator
Q8_146_seed_1189584495;14351;Aggregate;0;;;1221.159;1223.431;1080.6312876088023;1100.014990450613;operator
Q8_14_seed_106652403;14457;Seq Scan;12;Outer;;0.009;0.009;0.05216672287527907;7.757827658124796;operator
Q8_14_seed_106652403;14458;Hash;12;Inner;;0.127;0.127;0.03292925785192935;0.030468814398730615;pattern
Q8_14_seed_106652403;14456;Hash Join;11;Outer;;0.141;0.143;2.1512257084426665;66.45776829594377;operator
Q8_14_seed_106652403;14454;Seq Scan;10;Outer;;0.24;30.58;0.25102680310939346;31.367810885988177;operator
Q8_14_seed_106652403;14455;Hash;10;Inner;;0.146;0.146;18.155659385962423;18.156688846228718;operator
Q8_14_seed_106652403;14453;Hash Join;9;Outer;;0.395;32.059;5.228340350102513;75.97447001183843;operator
Q8_14_seed_106652403;14451;Seq Scan;8;Outer;;0.254;156.273;0.2410337655242294;162.27667892117017;operator
Q8_14_seed_106652403;14452;Hash;8;Inner;;32.854;32.855;29.28205376837394;29.282430978665502;operator
Q8_14_seed_106652403;14450;Hash Join;7;Outer;;33.171;206.493;28.927803186623862;184.56743353507397;operator
Q8_14_seed_106652403;14460;Index Scan;7;Inner;;0.039;0.041;0.038410165422925024;0.03666623427070881;operator
Q8_14_seed_106652403;14449;Nested Loop;6;Outer;;33.404;1151.937;14.06300645421183;1117.4479055860988;operator
Q8_14_seed_106652403;14461;Hash;6;Inner;;35.506;35.506;13.767073738801303;13.659168406340942;pattern
Q8_14_seed_106652403;14448;Hash Join;5;Outer;;71.321;1192.216;34.97449167488335;1065.6570725840563;operator
Q8_14_seed_106652403;14463;Index Scan;5;Inner;;0.006;0.006;0.005680859866983856;0.011608314551269927;operator
Q8_14_seed_106652403;14447;Nested Loop;4;Outer;;71.476;1195.948;54.849567194211176;1146.05489125505;operator
Q8_14_seed_106652403;14464;Hash;4;Inner;;0.014;0.014;0.011122619810567613;0.011231159573728888;pattern
Q8_14_seed_106652403;14446;Hash Join;3;Outer;;71.551;1196.257;58.69138521212325;1113.8436022901587;operator
Q8_14_seed_106652403;14445;Sort;2;Outer;;1196.498;1196.511;1092.5490792527767;1093.984676726195;operator
Q8_14_seed_106652403;14444;Gather Merge;1;Outer;;1201.121;1202.695;1125.326951493428;1120.4942184795177;operator
Q8_14_seed_106652403;14443;Aggregate;0;;;1201.423;1203.088;1080.6335318038214;1100.0173641394076;operator
Q8_16_seed_123060465;14526;Seq Scan;12;Outer;;0.015;0.015;0.05216672287527907;7.757827658124796;operator
Q8_16_seed_123060465;14527;Hash;12;Inner;;0.425;0.426;0.03292925785192935;0.030468814398730615;pattern
Q8_16_seed_123060465;14525;Hash Join;11;Outer;;0.448;0.451;2.1512257084426665;66.45776829594377;operator
Q8_16_seed_123060465;14523;Seq Scan;10;Outer;;0.068;34.501;0.25102680310939346;31.367810885988177;operator
Q8_16_seed_123060465;14524;Hash;10;Inner;;0.456;0.456;18.155659385962423;18.156688846228718;operator
Q8_16_seed_123060465;14522;Hash Join;9;Outer;;0.537;36.274;5.228340350102513;75.97447001183843;operator
Q8_16_seed_123060465;14520;Seq Scan;8;Outer;;0.37;158.302;0.2410337655242294;162.27667892117017;operator
Q8_16_seed_123060465;14521;Hash;8;Inner;;36.974;36.975;29.28205376837394;29.282430978665502;operator
Q8_16_seed_123060465;14519;Hash Join;7;Outer;;37.436;213.062;28.927803186623862;184.56743353507397;operator
Q8_16_seed_123060465;14529;Index Scan;7;Inner;;0.039;0.041;0.038410165422925024;0.03666623427070881;operator
Q8_16_seed_123060465;14518;Nested Loop;6;Outer;;37.7;1161.588;14.06300645421183;1117.4479055860988;operator
Q8_16_seed_123060465;14530;Hash;6;Inner;;37.775;37.775;13.767073738801303;13.659168406340942;pattern
Q8_16_seed_123060465;14517;Hash Join;5;Outer;;79.858;1203.962;34.974504742076846;1065.657087797377;operator
Q8_16_seed_123060465;14532;Index Scan;5;Inner;;0.006;0.006;0.005680859866983856;0.011608314551269927;operator
Q8_16_seed_123060465;14516;Nested Loop;4;Outer;;80.077;1207.828;54.84956825145106;1146.055197256428;operator
Q8_16_seed_123060465;14533;Hash;4;Inner;;0.016;0.016;0.011122619810567613;0.011231159573728888;pattern
Q8_16_seed_123060465;14515;Hash Join;3;Outer;;81.537;1209.525;58.69147130097326;1113.8438057915191;operator
Q8_16_seed_123060465;14514;Sort;2;Outer;;1209.772;1209.785;1092.5490955505484;1093.9846930768438;operator
Q8_16_seed_123060465;14513;Gather Merge;1;Outer;;1213.614;1216.676;1125.424441833618;1120.494220569037;operator
Q8_16_seed_123060465;14512;Aggregate;0;;;1216.395;1217.095;1080.6521074892;1100.0370089120354;operator
Q8_18_seed_139468527;14572;Seq Scan;12;Outer;;0.009;0.01;0.05216672287527907;7.757827658124796;operator
Q8_18_seed_139468527;14573;Hash;12;Inner;;0.155;0.155;0.03292925785192935;0.030468814398730615;pattern
Q8_18_seed_139468527;14571;Hash Join;11;Outer;;0.18;0.182;2.1512257084426665;66.45776829594377;operator
Q8_18_seed_139468527;14569;Seq Scan;10;Outer;;0.066;32.318;0.25102680310939346;31.367810885988177;operator
Q8_18_seed_139468527;14570;Hash;10;Inner;;0.185;0.186;18.155659385962423;18.156688846228718;operator
Q8_18_seed_139468527;14568;Hash Join;9;Outer;;0.258;33.804;5.228340350102513;75.97447001183843;operator
Q8_18_seed_139468527;14566;Seq Scan;8;Outer;;0.249;161.854;0.2410337655242294;162.27667892117017;operator
Q8_18_seed_139468527;14567;Hash;8;Inner;;34.447;34.448;29.28205376837394;29.282430978665502;operator
Q8_18_seed_139468527;14565;Hash Join;7;Outer;;34.882;214.838;28.927803186623862;184.56743353507397;operator
Q8_18_seed_139468527;14575;Index Scan;7;Inner;;0.04;0.042;0.038410165422925024;0.03666623427070881;operator
Q8_18_seed_139468527;14564;Nested Loop;6;Outer;;35.1;1176.415;14.06300645421183;1117.4479055860988;operator
Q8_18_seed_139468527;14576;Hash;6;Inner;;38.791;38.791;13.767073738801303;13.659168406340942;pattern
Q8_18_seed_139468527;14563;Hash Join;5;Outer;;78.133;1219.747;34.97462234785024;1065.6572247130302;operator
Q8_18_seed_139468527;14578;Index Scan;5;Inner;;0.006;0.006;0.005680859866983856;0.011608314551269927;operator
Q8_18_seed_139468527;14562;Nested Loop;4;Outer;;78.365;1223.665;54.84957776642106;1146.0574419426785;operator
Q8_18_seed_139468527;14579;Hash;4;Inner;;0.012;0.013;0.011122619810567613;0.011231159573728888;pattern
Q8_18_seed_139468527;14561;Hash Join;3;Outer;;78.431;1223.978;58.69208321551332;1113.8452407960763;operator
Q8_18_seed_139468527;14560;Sort;2;Outer;;1224.233;1224.248;1092.5492105253793;1093.9848084275413;operator
Q8_18_seed_139468527;14559;Gather Merge;1;Outer;;1227.907;1229.083;1125.3768590252619;1120.4942353100166;operator
Q8_18_seed_139468527;14558;Aggregate;0;;;1228.252;1229.538;1080.643045219818;1100.027426504896;operator
Q8_28_seed_221508837;14825;Seq Scan;12;Outer;;0.009;0.01;0.05216672287527907;7.757827658124796;operator
Q8_28_seed_221508837;14826;Hash;12;Inner;;0.197;0.197;0.03292925785192935;0.030468814398730615;pattern
Q8_28_seed_221508837;14824;Hash Join;11;Outer;;0.211;0.213;2.1512257084426665;66.45776829594377;operator
Q8_28_seed_221508837;14822;Seq Scan;10;Outer;;0.06;28.994;0.25102680310939346;31.367810885988177;operator
Q8_28_seed_221508837;14823;Hash;10;Inner;;0.215;0.216;18.155659385962423;18.156688846228718;operator
Q8_28_seed_221508837;14821;Hash Join;9;Outer;;0.281;30.5;5.228340350102513;75.97447001183843;operator
Q8_28_seed_221508837;14819;Seq Scan;8;Outer;;0.18;157.528;0.2410337655242294;162.27667892117017;operator
Q8_28_seed_221508837;14820;Hash;8;Inner;;31.224;31.225;29.28205376837394;29.282430978665502;operator
Q8_28_seed_221508837;14818;Hash Join;7;Outer;;32.228;207.562;28.927803186623862;184.56743353507397;operator
Q8_28_seed_221508837;14828;Index Scan;7;Inner;;0.039;0.041;0.038410165422925024;0.03666623427070881;operator
Q8_28_seed_221508837;14817;Nested Loop;6;Outer;;32.381;1141.461;14.06300645421183;1117.4479055860988;operator
Q8_28_seed_221508837;14829;Hash;6;Inner;;38.602;38.602;13.767073738801303;13.659168406340942;pattern
Q8_28_seed_221508837;14816;Hash Join;5;Outer;;73.64;1184.409;34.97448234118798;1065.6570617173418;operator
Q8_28_seed_221508837;14831;Index Scan;5;Inner;;0.006;0.006;0.005680859866983856;0.011608314551269927;operator
Q8_28_seed_221508837;14815;Nested Loop;4;Outer;;73.828;1188.124;54.84956643903725;1146.0547693733697;operator
Q8_28_seed_221508837;14832;Hash;4;Inner;;0.014;0.014;0.011122619810567613;0.011231159573728888;pattern
Q8_28_seed_221508837;14814;Hash Join;3;Outer;;73.903;1188.424;58.69134976529558;1113.8435199216851;operator
Q8_28_seed_221508837;14813;Sort;2;Outer;;1188.66;1188.673;1092.5490726499688;1093.984670101613;operator
Q8_28_seed_221508837;14812;Gather Merge;1;Outer;;1191.455;1193.542;1125.4546718708764;1120.4942176329569;operator
Q8_28_seed_221508837;14811;Aggregate;0;;;1191.714;1193.9;1080.6578665798238;1100.043099446671;operator
Q8_37_seed_295345116;15055;Seq Scan;12;Outer;;0.011;0.011;0.05216672287527907;7.757827658124796;operator
Q8_37_seed_295345116;15056;Hash;12;Inner;;0.147;0.147;0.03292925785192935;0.030468814398730615;pattern
Q8_37_seed_295345116;15054;Hash Join;11;Outer;;0.165;0.167;2.1512257084426665;66.45776829594377;operator
Q8_37_seed_295345116;15052;Seq Scan;10;Outer;;0.475;32.755;0.25102680310939346;31.367810885988177;operator
Q8_37_seed_295345116;15053;Hash;10;Inner;;0.169;0.17;18.155659385962423;18.156688846228718;operator
Q8_37_seed_295345116;15051;Hash Join;9;Outer;;0.652;34.256;5.228340350102513;75.97447001183843;operator
Q8_37_seed_295345116;15049;Seq Scan;8;Outer;;0.259;162.03;0.2410337655242294;162.27667892117017;operator
Q8_37_seed_295345116;15050;Hash;8;Inner;;35.177;35.178;29.28205376837394;29.282430978665502;operator
Q8_37_seed_295345116;15048;Hash Join;7;Outer;;36.869;216.401;28.927803186623862;184.56743353507397;operator
Q8_37_seed_295345116;15058;Index Scan;7;Inner;;0.041;0.043;0.038410165422925024;0.03666623427070881;operator
Q8_37_seed_295345116;15047;Nested Loop;6;Outer;;37.053;1213.447;14.06300645421183;1117.4479055860988;operator
Q8_37_seed_295345116;15059;Hash;6;Inner;;41.024;41.024;13.767073738801303;13.659168406340942;pattern
Q8_37_seed_295345116;15046;Hash Join;5;Outer;;82.046;1258.951;34.974504742076846;1065.657087797377;operator
Q8_37_seed_295345116;15061;Index Scan;5;Inner;;0.006;0.006;0.005680859866983856;0.011608314551269927;operator
Q8_37_seed_295345116;15045;Nested Loop;4;Outer;;82.27;1262.819;54.84956825145106;1146.0551666481165;operator
Q8_37_seed_295345116;15062;Hash;4;Inner;;0.013;0.013;0.011122619810567613;0.011231159573728888;pattern
Q8_37_seed_295345116;15044;Hash Join;3;Outer;;82.337;1263.123;58.691463152293586;1113.8437860500637;operator
Q8_37_seed_295345116;15043;Sort;2;Outer;;1263.352;1263.364;1092.5490939716003;1093.9846914928917;operator
Q8_37_seed_295345116;15042;Gather Merge;1;Outer;;1266.262;1268.789;1125.3712114997345;1120.4942203666092;operator
Q8_37_seed_295345116;15041;Aggregate;0;;;1266.57;1269.179;1080.641965273291;1100.0262828557823;operator
Q8_3_seed_16408062;15124;Seq Scan;12;Outer;;0.009;0.01;0.05216672287527907;7.757827658124796;operator
Q8_3_seed_16408062;15125;Hash;12;Inner;;0.138;0.138;0.03292925785192935;0.030468814398730615;pattern
Q8_3_seed_16408062;15123;Hash Join;11;Outer;;0.152;0.154;2.1512257084426665;66.45776829594377;operator
Q8_3_seed_16408062;15121;Seq Scan;10;Outer;;0.174;41.464;0.25102680310939346;31.367810885988177;operator
Q8_3_seed_16408062;15122;Hash;10;Inner;;0.156;0.157;18.155659385962423;18.156688846228718;operator
Q8_3_seed_16408062;15120;Hash Join;9;Outer;;0.34;43.075;5.228340350102513;75.97447001183843;operator
Q8_3_seed_16408062;15118;Seq Scan;8;Outer;;0.294;158.082;0.2410337655242294;162.27667892117017;operator
Q8_3_seed_16408062;15119;Hash;8;Inner;;43.806;43.807;29.28205376837394;29.282430978665502;operator
Q8_3_seed_16408062;15117;Hash Join;7;Outer;;44.151;219.51;28.927803186623862;184.56743353507397;operator
Q8_3_seed_16408062;15127;Index Scan;7;Inner;;0.04;0.042;0.038410165422925024;0.03666623427070881;operator
Q8_3_seed_16408062;15116;Nested Loop;6;Outer;;44.405;1181.093;14.06300645421183;1117.4479055860988;operator
Q8_3_seed_16408062;15128;Hash;6;Inner;;37.83;37.831;13.767073738801303;13.659168406340942;pattern
Q8_3_seed_16408062;15115;Hash Join;5;Outer;;86.944;1223.353;34.97447487424;1065.6570530239346;operator
Q8_3_seed_16408062;15130;Index Scan;5;Inner;;0.006;0.006;0.005680859866983856;0.011608314551269927;operator
Q8_3_seed_16408062;15114;Nested Loop;4;Outer;;87.132;1227.02;54.84956583489655;1146.0546183107006;operator
Q8_3_seed_16408062;15131;Hash;4;Inner;;0.016;0.017;0.011122619810567613;0.011231159573728888;pattern
Q8_3_seed_16408062;15113;Hash Join;3;Outer;;87.249;1227.375;58.69130660133024;1113.8434181608452;operator
Q8_3_seed_16408062;15112;Sort;2;Outer;;1227.615;1227.628;1092.5490644990873;1093.9846619242187;operator
Q8_3_seed_16408062;15111;Gather Merge;1;Outer;;1233.899;1236.677;1125.3312267247215;1120.4942165879365;operator
Q8_3_seed_16408062;15110;Aggregate;0;;;1234.198;1237.064;1080.6343458789845;1100.0182248219178;operator
Q8_40_seed_319957209;15147;Seq Scan;12;Outer;;0.01;0.011;0.05216672287527907;7.757827658124796;operator
Q8_40_seed_319957209;15148;Hash;12;Inner;;0.236;0.237;0.03292925785192935;0.030468814398730615;pattern
Q8_40_seed_319957209;15146;Hash Join;11;Outer;;0.253;0.255;2.1512257084426665;66.45776829594377;operator
Q8_40_seed_319957209;15144;Seq Scan;10;Outer;;0.142;34.827;0.25102680310939346;31.367810885988177;operator
Q8_40_seed_319957209;15145;Hash;10;Inner;;0.257;0.258;18.155659385962423;18.156688846228718;operator
Q8_40_seed_319957209;15143;Hash Join;9;Outer;;0.407;36.425;5.228340350102513;75.97447001183843;operator
Q8_40_seed_319957209;15141;Seq Scan;8;Outer;;0.253;157.841;0.2410337655242294;162.27667892117017;operator
Q8_40_seed_319957209;15142;Hash;8;Inner;;37.063;37.064;29.28205376837394;29.282430978665502;operator
Q8_40_seed_319957209;15140;Hash Join;7;Outer;;37.378;212.853;28.927803186623862;184.56743353507397;operator
Q8_40_seed_319957209;15150;Index Scan;7;Inner;;0.04;0.041;0.038410165422925024;0.03666623427070881;operator
Q8_40_seed_319957209;15139;Nested Loop;6;Outer;;37.614;1161.859;14.06300645421183;1117.4479055860988;operator
Q8_40_seed_319957209;15151;Hash;6;Inner;;41.388;41.388;13.767073738801303;13.659168406340942;pattern
Q8_40_seed_319957209;15138;Hash Join;5;Outer;;86.876;1207.684;34.97451034230954;1065.6570943173422;operator
Q8_40_seed_319957209;15153;Index Scan;5;Inner;;0.006;0.006;0.005680859866983856;0.011608314551269927;operator
Q8_40_seed_319957209;15137;Nested Loop;4;Outer;;87.048;1211.696;54.849568704552325;1146.0552899462762;operator
Q8_40_seed_319957209;15154;Hash;4;Inner;;0.013;0.013;0.011122619810567613;0.011231159573728888;pattern
Q8_40_seed_319957209;15136;Hash Join;3;Outer;;87.123;1212.001;58.691497404581725;1113.8438669164752;operator
Q8_40_seed_319957209;15135;Sort;2;Outer;;1212.239;1212.252;1092.5491004483715;1093.9846979907013;operator
Q8_40_seed_319957209;15134;Gather Merge;1;Outer;;1215.874;1218.161;1125.4387546893975;1120.4942211969906;operator
Q8_40_seed_319957209;15133;Aggregate;0;;;1216.182;1218.557;1080.6548347408134;1100.0398933103936;operator
Q8_45_seed_360977364;15262;Seq Scan;12;Outer;;0.009;0.01;0.05216672287527907;7.757827658124796;operator
Q8_45_seed_360977364;15263;Hash;12;Inner;;0.191;0.191;0.03292925785192935;0.030468814398730615;pattern
Q8_45_seed_360977364;15261;Hash Join;11;Outer;;0.205;0.207;2.1512257084426665;66.45776829594377;operator
Q8_45_seed_360977364;15259;Seq Scan;10;Outer;;0.177;35.781;0.25102680310939346;31.367810885988177;operator
Q8_45_seed_360977364;15260;Hash;10;Inner;;0.209;0.21;18.155659385962423;18.156688846228718;operator
Q8_45_seed_360977364;15258;Hash Join;9;Outer;;0.398;37.328;5.228340350102513;75.97447001183843;operator
Q8_45_seed_360977364;15256;Seq Scan;8;Outer;;0.261;160.705;0.2410337655242294;162.27667892117017;operator
Q8_45_seed_360977364;15257;Hash;8;Inner;;38.051;38.052;29.28205376837394;29.282430978665502;operator
Q8_45_seed_360977364;15255;Hash Join;7;Outer;;38.392;216.844;28.927803186623862;184.56743353507397;operator
Q8_45_seed_360977364;15265;Index Scan;7;Inner;;0.038;0.04;0.038410165422925024;0.03666623427070881;operator
Q8_45_seed_360977364;15254;Nested Loop;6;Outer;;38.622;1151.789;14.06300645421183;1117.4479055860988;operator
Q8_45_seed_360977364;15266;Hash;6;Inner;;41.416;41.416;13.767073738801303;13.659168406340942;pattern
Q8_45_seed_360977364;15253;Hash Join;5;Outer;;84.07;1197.7;34.974476740976044;1065.6570551972886;operator
Q8_45_seed_360977364;15268;Index Scan;5;Inner;;0.006;0.006;0.005680859866983856;0.011608314551269927;operator
Q8_45_seed_360977364;15252;Nested Loop;4;Outer;;84.437;1201.522;54.849565985931875;1146.0546784986927;operator
Q8_45_seed_360977364;15269;Hash;4;Inner;;0.013;0.013;0.011122619810567613;0.011231159573728888;pattern
Q8_45_seed_360977364;15251;Hash Join;3;Outer;;84.535;1201.852;58.69132372763051;1113.8434589087383;operator
Q8_45_seed_360977364;15250;Sort;2;Outer;;1202.088;1202.1;1092.5490677613082;1093.9846651969585;operator
Q8_45_seed_360977364;15249;Gather Merge;1;Outer;;1205.545;1207.55;1125.440108959768;1120.4942170061784;operator
Q8_45_seed_360977364;15248;Aggregate;0;;;1205.888;1207.987;1080.6550916803271;1100.0401646126234;operator
Q8_48_seed_385589457;15331;Seq Scan;12;Outer;;0.01;0.01;0.05216672287527907;7.757827658124796;operator
Q8_48_seed_385589457;15332;Hash;12;Inner;;0.113;0.113;0.03292925785192935;0.030468814398730615;pattern
Q8_48_seed_385589457;15330;Hash Join;11;Outer;;0.127;0.129;2.1512257084426665;66.45776829594377;operator
Q8_48_seed_385589457;15328;Seq Scan;10;Outer;;0.097;36.542;0.25102680310939346;31.367810885988177;operator
Q8_48_seed_385589457;15329;Hash;10;Inner;;0.132;0.133;18.155659385962423;18.156688846228718;operator
Q8_48_seed_385589457;15327;Hash Join;9;Outer;;0.237;38.022;5.228340350102513;75.97447001183843;operator
Q8_48_seed_385589457;15325;Seq Scan;8;Outer;;0.203;160.817;0.2410337655242294;162.27667892117017;operator
Q8_48_seed_385589457;15326;Hash;8;Inner;;38.601;38.602;29.28205376837394;29.282430978665502;operator
Q8_48_seed_385589457;15324;Hash Join;7;Outer;;39.833;218.705;28.927803186623862;184.56743353507397;operator
Q8_48_seed_385589457;15334;Index Scan;7;Inner;;0.039;0.041;0.038410165422925024;0.03666623427070881;operator
Q8_48_seed_385589457;15323;Nested Loop;6;Outer;;40.175;1184.68;14.06300645421183;1117.4479055860988;operator
Q8_48_seed_385589457;15335;Hash;6;Inner;;39.306;39.306;13.767073738801303;13.659168406340942;pattern
Q8_48_seed_385589457;15322;Hash Join;5;Outer;;82.248;1228.795;34.974471140768685;1065.65704867722;operator
Q8_48_seed_385589457;15337;Index Scan;5;Inner;;0.006;0.006;0.005680859866983856;0.011608314551269927;operator
Q8_48_seed_385589457;15321;Nested Loop;4;Outer;;82.405;1232.646;54.84956553282579;1146.0545281871043;operator
Q8_48_seed_385589457;15338;Hash;4;Inner;;0.018;0.018;0.011122619810567613;0.011231159573728888;pattern
Q8_48_seed_385589457;15320;Hash Join;3;Outer;;82.518;1232.991;58.69128097068791;1113.8433574549208;operator
Q8_48_seed_385589457;15319;Sort;2;Outer;;1233.248;1233.261;1092.5490596378615;1093.9846570472505;operator
Q8_48_seed_385589457;15318;Gather Merge;1;Outer;;1235.733;1237.876;1125.415586548164;1120.494215964686;operator
Q8_48_seed_385589457;15317;Aggregate;0;;;1236.018;1238.264;1080.6504190534547;1100.0352227656927;operator
Q8_63_seed_508649922;15722;Seq Scan;12;Outer;;0.046;0.046;0.05216672287527907;7.757827658124796;operator
Q8_63_seed_508649922;15723;Hash;12;Inner;;0.155;0.156;0.03292925785192935;0.030468814398730615;pattern
Q8_63_seed_508649922;15721;Hash Join;11;Outer;;0.21;0.211;2.1512257084426665;66.45776829594377;operator
Q8_63_seed_508649922;15719;Seq Scan;10;Outer;;0.377;33.751;0.25102680310939346;31.367810885988177;operator
Q8_63_seed_508649922;15720;Hash;10;Inner;;0.213;0.214;18.155659385962423;18.156688846228718;operator
Q8_63_seed_508649922;15718;Hash Join;9;Outer;;0.6;35.324;5.228340350102513;75.97447001183843;operator
Q8_63_seed_508649922;15716;Seq Scan;8;Outer;;0.192;158.246;0.2410337655242294;162.27667892117017;operator
Q8_63_seed_508649922;15717;Hash;8;Inner;;35.938;35.939;29.28205376837394;29.282430978665502;operator
Q8_63_seed_508649922;15715;Hash Join;7;Outer;;37.297;213.315;28.927803186623862;184.56743353507397;operator
Q8_63_seed_508649922;15725;Index Scan;7;Inner;;0.039;0.041;0.038410165422925024;0.03666623427070881;operator
Q8_63_seed_508649922;15714;Nested Loop;6;Outer;;38.773;1158.454;14.06300645421183;1117.4479055860988;operator
Q8_63_seed_508649922;15726;Hash;6;Inner;;40.744;40.744;13.767073738801303;13.659168406340942;pattern
Q8_63_seed_508649922;15713;Hash Join;5;Outer;;83.661;1205.366;34.97447487424;1065.6570530239346;operator
Q8_63_seed_508649922;15728;Index Scan;5;Inner;;0.006;0.006;0.005680859866983856;0.011608314551269927;operator
Q8_63_seed_508649922;15712;Nested Loop;4;Outer;;83.865;1209.034;54.84956583489655;1146.054588378677;operator
Q8_63_seed_508649922;15729;Hash;4;Inner;;0.012;0.013;0.011122619810567613;0.011231159573728888;pattern
Q8_63_seed_508649922;15711;Hash Join;3;Outer;;83.962;1209.357;58.691298476917616;1113.843398463249;operator
Q8_63_seed_508649922;15710;Sort;2;Outer;;1209.577;1209.591;1092.5490629237108;1093.9846603438532;operator
Q8_63_seed_508649922;15709;Gather Merge;1;Outer;;1213.074;1214.515;1125.3261942094837;1120.494216385967;operator
Q8_63_seed_508649922;15708;Aggregate;0;;;1213.351;1214.889;1080.6333869695761;1100.0172107592912;operator
Q8_65_seed_525057984;15768;Seq Scan;12;Outer;;0.009;0.01;0.05216672287527907;7.757827658124796;operator
Q8_65_seed_525057984;15769;Hash;12;Inner;;0.224;0.225;0.03292925785192935;0.030468814398730615;pattern
Q8_65_seed_525057984;15767;Hash Join;11;Outer;;0.242;0.244;2.1512257084426665;66.45776829594377;operator
Q8_65_seed_525057984;15765;Seq Scan;10;Outer;;0.019;35.915;0.25102680310939346;31.367810885988177;operator
Q8_65_seed_525057984;15766;Hash;10;Inner;;0.247;0.248;18.155659385962423;18.156688846228718;operator
Q8_65_seed_525057984;15764;Hash Join;9;Outer;;0.274;37.528;5.228340350102513;75.97447001183843;operator
Q8_65_seed_525057984;15762;Seq Scan;8;Outer;;0.267;159.083;0.2410337655242294;162.27667892117017;operator
Q8_65_seed_525057984;15763;Hash;8;Inner;;38.186;38.187;29.28205376837394;29.282430978665502;operator
Q8_65_seed_525057984;15761;Hash Join;7;Outer;;38.495;215.266;28.927803186623862;184.56743353507397;operator
Q8_65_seed_525057984;15771;Index Scan;7;Inner;;0.04;0.042;0.038410165422925024;0.03666623427070881;operator
Q8_65_seed_525057984;15760;Nested Loop;6;Outer;;38.752;1189.322;14.06300645421183;1117.4479055860988;operator
Q8_65_seed_525057984;15772;Hash;6;Inner;;41.287;41.287;13.767073738801303;13.659168406340942;pattern
Q8_65_seed_525057984;15759;Hash Join;5;Outer;;89.799;1234.803;34.97437780459944;1065.6569400068558;operator
Q8_65_seed_525057984;15774;Index Scan;5;Inner;;0.006;0.006;0.005680859866983856;0.011608314551269927;operator
Q8_65_seed_525057984;15758;Nested Loop;4;Outer;;89.972;1238.499;54.849557980944525;1146.052874109841;operator
Q8_65_seed_525057984;15775;Hash;4;Inner;;0.014;0.015;0.011122619810567613;0.011231159573728888;pattern
Q8_65_seed_525057984;15757;Hash Join;3;Outer;;90.041;1238.788;58.69078960438943;1113.8422002277707;operator
Q8_65_seed_525057984;15756;Sort;2;Outer;;1238.997;1239.009;1092.5489669406716;1093.9845640482483;operator
Q8_65_seed_525057984;15755;Gather Merge;1;Outer;;1241.824;1245.176;1125.3266679040844;1120.494204080016;operator
Q8_65_seed_525057984;15754;Aggregate;0;;;1242.104;1245.532;1080.6334740070056;1100.0173015134374;operator
Q8_67_seed_541466046;15814;Seq Scan;12;Outer;;0.011;0.011;0.05216672287527907;7.757827658124796;operator
Q8_67_seed_541466046;15815;Hash;12;Inner;;0.241;0.241;0.03292925785192935;0.030468814398730615;pattern
Q8_67_seed_541466046;15813;Hash Join;11;Outer;;0.26;0.262;2.1512257084426665;66.45776829594377;operator
Q8_67_seed_541466046;15811;Seq Scan;10;Outer;;0.803;34.636;0.25102680310939346;31.367810885988177;operator
Q8_67_seed_541466046;15812;Hash;10;Inner;;0.265;0.266;18.155659385962423;18.156688846228718;operator
Q8_67_seed_541466046;15810;Hash Join;9;Outer;;1.078;36.21;5.228340350102513;75.97447001183843;operator
Q8_67_seed_541466046;15808;Seq Scan;8;Outer;;0.249;158.484;0.2410337655242294;162.27667892117017;operator
Q8_67_seed_541466046;15809;Hash;8;Inner;;36.88;36.881;29.28205376837394;29.282430978665502;operator
Q8_67_seed_541466046;15807;Hash Join;7;Outer;;38.262;214.214;28.927803186623862;184.56743353507397;operator
Q8_67_seed_541466046;15817;Index Scan;7;Inner;;0.037;0.04;0.038410165422925024;0.03666623427070881;operator
Q8_67_seed_541466046;15806;Nested Loop;6;Outer;;38.444;1150.171;14.06300645421183;1117.4479055860988;operator
Q8_67_seed_541466046;15818;Hash;6;Inner;;40.908;40.909;13.767073738801303;13.659168406340942;pattern
Q8_67_seed_541466046;15805;Hash Join;5;Outer;;83.565;1195.732;34.97459807984029;1065.6571964612176;operator
Q8_67_seed_541466046;15820;Index Scan;5;Inner;;0.006;0.006;0.005680859866983856;0.011608314551269927;operator
Q8_67_seed_541466046;15804;Nested Loop;4;Outer;;83.778;1199.656;54.84957580304213;1146.057011608395;operator
Q8_67_seed_541466046;15821;Hash;4;Inner;;0.013;0.013;0.011122619810567613;0.011231159573728888;pattern
Q8_67_seed_541466046;15803;Hash Join;3;Outer;;83.852;1199.968;58.691968489365976;1113.8449729145107;operator
Q8_67_seed_541466046;15802;Sort;2;Outer;;1200.216;1200.23;1092.5491890571802;1093.98478688887;operator
Q8_67_seed_541466046;15801;Gather Merge;1;Outer;;1203.092;1205.753;1125.453474030374;1120.4942325575494;operator
Q8_67_seed_541466046;15800;Aggregate;0;;;1203.398;1206.166;1080.657642250833;1100.0428637524494;operator
Q8_81_seed_656322480;16182;Seq Scan;12;Outer;;0.01;0.011;0.05216672287527907;7.757827658124796;operator
Q8_81_seed_656322480;16183;Hash;12;Inner;;0.205;0.206;0.03292925785192935;0.030468814398730615;pattern
Q8_81_seed_656322480;16181;Hash Join;11;Outer;;0.221;0.222;2.1512257084426665;66.45776829594377;operator
Q8_81_seed_656322480;16179;Seq Scan;10;Outer;;0.07;34.339;0.25102680310939346;31.367810885988177;operator
Q8_81_seed_656322480;16180;Hash;10;Inner;;0.225;0.226;18.155659385962423;18.156688846228718;operator
Q8_81_seed_656322480;16178;Hash Join;9;Outer;;0.302;35.872;5.228340350102513;75.97447001183843;operator
Q8_81_seed_656322480;16176;Seq Scan;8;Outer;;0.224;157.976;0.2410337655242294;162.27667892117017;operator
Q8_81_seed_656322480;16177;Hash;8;Inner;;36.45;36.451;29.28205376837394;29.282430978665502;operator
Q8_81_seed_656322480;16175;Hash Join;7;Outer;;36.853;212.491;28.927803186623862;184.56743353507397;operator
Q8_81_seed_656322480;16185;Index Scan;7;Inner;;0.039;0.041;0.038410165422925024;0.03666623427070881;operator
Q8_81_seed_656322480;16174;Nested Loop;6;Outer;;37.087;1155.767;14.06300645421183;1117.4479055860988;operator
Q8_81_seed_656322480;16186;Hash;6;Inner;;39.062;39.062;13.767073738801303;13.659168406340942;pattern
Q8_81_seed_656322480;16173;Hash Join;5;Outer;;78.879;1199.349;34.97453647678468;1065.6571247436214;operator
Q8_81_seed_656322480;16188;Index Scan;5;Inner;;0.006;0.006;0.005680859866983856;0.011608314551269927;operator
Q8_81_seed_656322480;16172;Nested Loop;4;Outer;;79.043;1203.27;54.84957081901584;1146.0557579827564;operator
Q8_81_seed_656322480;16189;Hash;4;Inner;;0.017;0.017;0.011122619810567613;0.011231159573728888;pattern
Q8_81_seed_656322480;16171;Hash Join;3;Outer;;79.154;1203.627;58.69162843909807;1113.8441741674437;operator
Q8_81_seed_656322480;16170;Sort;2;Outer;;1203.991;1204.005;1092.5491250659647;1093.984722688782;operator
Q8_81_seed_656322480;16169;Gather Merge;1;Outer;;1209.733;1210.159;1125.3668219645165;1120.4942243532246;operator
Q8_81_seed_656322480;16168;Aggregate;0;;;1210.066;1210.606;1080.6411299640026;1100.0253999042286;operator
Q8_86_seed_697342635;16297;Seq Scan;12;Outer;;0.017;0.017;0.05216672287527907;7.757827658124796;operator
Q8_86_seed_697342635;16298;Hash;12;Inner;;0.197;0.197;0.03292925785192935;0.030468814398730615;pattern
Q8_86_seed_697342635;16296;Hash Join;11;Outer;;0.224;0.226;2.1512257084426665;66.45776829594377;operator
Q8_86_seed_697342635;16294;Seq Scan;10;Outer;;0.196;31.745;0.25102680310939346;31.367810885988177;operator
Q8_86_seed_697342635;16295;Hash;10;Inner;;0.228;0.229;18.155659385962423;18.156688846228718;operator
Q8_86_seed_697342635;16293;Hash Join;9;Outer;;0.435;33.333;5.228340350102513;75.97447001183843;operator
Q8_86_seed_697342635;16291;Seq Scan;8;Outer;;0.244;160.788;0.2410337655242294;162.27667892117017;operator
Q8_86_seed_697342635;16292;Hash;8;Inner;;33.974;33.975;29.28205376837394;29.282430978665502;operator
Q8_86_seed_697342635;16290;Hash Join;7;Outer;;34.413;212.749;28.927803186623862;184.56743353507397;operator
Q8_86_seed_697342635;16300;Index Scan;7;Inner;;0.04;0.042;0.038410165422925024;0.03666623427070881;operator
Q8_86_seed_697342635;16289;Nested Loop;6;Outer;;34.679;1176.656;14.06300645421183;1117.4479055860988;operator
Q8_86_seed_697342635;16301;Hash;6;Inner;;40.959;40.959;13.767073738801303;13.659168406340942;pattern
Q8_86_seed_697342635;16288;Hash Join;5;Outer;;80.541;1221.832;34.9744207390917;1065.6569899958188;operator
Q8_86_seed_697342635;16303;Index Scan;5;Inner;;0.006;0.006;0.005680859866983856;0.011608314551269927;operator
Q8_86_seed_697342635;16287;Nested Loop;4;Outer;;80.74;1225.699;54.84956145483656;1146.0536430521086;operator
Q8_86_seed_697342635;16304;Hash;4;Inner;;0.014;0.014;0.011122619810567613;0.011231159573728888;pattern
Q8_86_seed_697342635;16286;Hash Join;3;Outer;;80.818;1226.008;58.69102161899609;1113.8427474220016;operator
Q8_86_seed_697342635;16285;Sort;2;Outer;;1226.228;1226.242;1092.5490107691119;1093.9846080191978;operator
Q8_86_seed_697342635;16284;Gather Merge;1;Outer;;1228.676;1231.232;1125.416782024773;1120.4942096992304;operator
Q8_86_seed_697342635;16283;Aggregate;0;;;1229.046;1231.681;1080.650645194534;1100.035461273148;operator
Q8_88_seed_713750697;16343;Seq Scan;12;Outer;;0.01;0.01;0.05216672287527907;7.757827658124796;operator
Q8_88_seed_713750697;16344;Hash;12;Inner;;0.164;0.164;0.03292925785192935;0.030468814398730615;pattern
Q8_88_seed_713750697;16342;Hash Join;11;Outer;;0.179;0.181;2.1512257084426665;66.45776829594377;operator
Q8_88_seed_713750697;16340;Seq Scan;10;Outer;;0.092;33.931;0.25102680310939346;31.367810885988177;operator
Q8_88_seed_713750697;16341;Hash;10;Inner;;0.183;0.183;18.155659385962423;18.156688846228718;operator
Q8_88_seed_713750697;16339;Hash Join;9;Outer;;0.28;35.451;5.228340350102513;75.97447001183843;operator
Q8_88_seed_713750697;16337;Seq Scan;8;Outer;;0.255;158.642;0.2410337655242294;162.27667892117017;operator
Q8_88_seed_713750697;16338;Hash;8;Inner;;36.071;36.072;29.28205376837394;29.282430978665502;operator
Q8_88_seed_713750697;16336;Hash Join;7;Outer;;36.591;213.21;28.927803186623862;184.56743353507397;operator
Q8_88_seed_713750697;16346;Index Scan;7;Inner;;0.039;0.041;0.038410165422925024;0.03666623427070881;operator
Q8_88_seed_713750697;16335;Nested Loop;6;Outer;;36.822;1157.251;14.06300645421183;1117.4479055860988;operator
Q8_88_seed_713750697;16347;Hash;6;Inner;;41.492;41.492;13.767073738801303;13.659168406340942;pattern
Q8_88_seed_713750697;16334;Hash Join;5;Outer;;86.504;1203.274;34.97450847556482;1065.6570921440225;operator
Q8_88_seed_713750697;16349;Index Scan;5;Inner;;0.006;0.006;0.005680859866983856;0.011608314551269927;operator
Q8_88_seed_713750697;16333;Nested Loop;4;Outer;;86.633;1206.979;54.84956855351862;1146.055197690676;operator
Q8_88_seed_713750697;16350;Hash;4;Inner;;0.013;0.013;0.011122619810567613;0.011231159573728888;pattern
Q8_88_seed_713750697;16332;Hash Join;3;Outer;;86.714;1207.884;58.691472076661896;1113.8438063365275;operator
Q8_88_seed_713750697;16331;Sort;2;Outer;;1208.144;1208.159;1092.5490955997952;1093.9846931265693;operator
Q8_88_seed_713750697;16330;Gather Merge;1;Outer;;1210.331;1211.972;1125.327689838994;1120.4942205753712;operator
Q8_88_seed_713750697;16329;Aggregate;0;;;1210.707;1212.45;1080.6336730303058;1100.0175137046913;operator
Q9_100_seed_812199069;16664;Seq Scan;11;Outer;;0.206;29.571;0.35092086053575966;37.695240132026896;operator
Q9_100_seed_812199069;16665;Index Scan;11;Inner;;0.054;0.057;0.0717883219376294;0.0680857234224651;operator
Q9_100_seed_812199069;16663;Nested Loop;10;Outer;;0.643;184.938;16.123100171647508;1064.4000563063707;operator
Q9_100_seed_812199069;16666;Hash;10;Inner;;2.505;2.505;0.7695368965271534;0.8182721757808551;pattern
Q9_100_seed_812199069;16662;Hash Join;9;Outer;;3.168;189.929;28.952936486805754;1018.0040487964714;operator
Q9_100_seed_812199069;16668;Hash;9;Inner;;14.428;14.428;0.011122619810567613;0.011231159573728888;pattern
Q9_100_seed_812199069;16661;Hash Join;8;Outer;;17.611;205.251;33.30157713041554;1036.6036452369842;operator
Q9_100_seed_812199069;16659;Seq Scan;7;Outer;;0.19;699.247;0.7262434262957824;678.6658340566679;operator
Q9_100_seed_812199069;16660;Hash;7;Inner;;208.212;208.213;172.67068613888705;172.66892538564002;operator
Q9_100_seed_812199069;16658;Hash Join;6;Outer;;209.057;1024.545;95.67548316139444;808.9803810026477;operator
Q9_100_seed_812199069;16656;Seq Scan;5;Outer;;0.258;132.957;0.1060125656522749;153.22948678942822;operator
Q9_100_seed_812199069;16657;Hash;5;Inner;;1042.842;1042.865;192.08562709747434;192.0854824943438;operator
Q9_100_seed_812199069;16655;Hash Join;4;Outer;;1043.444;1239.626;135.99215253297166;569.046476866372;operator
Q9_100_seed_812199069;16652;Aggregate;1;Outer;;1281.37;1288.877;817.8709534142773;823.6964874022399;pattern
Q9_100_seed_812199069;16651;Sort;0;;;1281.894;1289.031;1099.0223130520335;1100.9173677843098;operator
Q9_104_seed_845015193;16735;Seq Scan;10;Outer;;0.13;20.904;0.37814923630259845;38.7751799545336;operator
Q9_104_seed_845015193;16736;Index Scan;10;Inner;;0.073;0.076;0.07178831954757592;0.0680857234224651;operator
Q9_104_seed_845015193;16734;Nested Loop;9;Outer;;0.611;158.079;16.125709075872876;1061.183474385853;operator
Q9_104_seed_845015193;16737;Hash;9;Inner;;4.311;4.312;0.7695368965271534;0.8182721757808551;pattern
Q9_104_seed_845015193;16733;Hash Join;8;Outer;;4.946;164.49;28.998022253296995;1013.1059332091659;operator
Q9_104_seed_845015193;16739;Hash;8;Inner;;13.296;13.297;0.011122619810567613;0.011231159573728888;pattern
Q9_104_seed_845015193;16732;Hash Join;7;Outer;;18.256;178.421;33.422471869434645;1030.6453828044541;operator
Q9_104_seed_845015193;16730;Seq Scan;6;Outer;;0.268;706.583;0.7262434262957824;678.6658340566679;operator
Q9_104_seed_845015193;16731;Hash;6;Inner;;189.731;189.733;169.25130324402795;169.24964968600108;operator
Q9_104_seed_845015193;16729;Hash Join;5;Outer;;190.704;993.714;93.57230687729711;807.5625635691794;operator
Q9_104_seed_845015193;16741;Index Scan;5;Inner;;0.003;0.003;0.0036193067124574707;0.02829075751533014;operator
Q9_104_seed_845015193;16728;Nested Loop;4;Outer;;191.238;1166.507;116.17586949115181;1166.832711957192;operator
Q9_104_seed_845015193;16725;Aggregate;1;Outer;;1204.872;1213.756;828.3396742649318;834.1628117913607;pattern
Q9_104_seed_845015193;16724;Sort;0;;;1205.409;1213.897;1100.213782147045;1102.1156323800712;operator
Q9_110_seed_894239379;16861;Seq Scan;10;Outer;;0.312;19.517;0.3633162162312792;38.16677972683783;operator
Q9_110_seed_894239379;16862;Index Scan;10;Inner;;0.074;0.077;0.07178832116382822;0.0680857234224651;operator
Q9_110_seed_894239379;16860;Nested Loop;9;Outer;;0.821;160.693;16.12423674291503;1062.8346482958354;operator
Q9_110_seed_894239379;16863;Hash;9;Inner;;5.671;5.671;0.7695368965271534;0.8182721757808551;pattern
Q9_110_seed_894239379;16859;Hash Join;8;Outer;;6.53;168.353;28.95320276945047;1015.9132524171625;operator
Q9_110_seed_894239379;16865;Hash;8;Inner;;12.985;12.986;0.011122619810567613;0.011231159573728888;pattern
Q9_110_seed_894239379;16858;Hash Join;7;Outer;;19.526;181.966;33.33060702569922;1034.0942685463228;operator
Q9_110_seed_894239379;16856;Seq Scan;6;Outer;;0.735;713.663;0.7262434262957824;678.6658340566679;operator
Q9_110_seed_894239379;16857;Hash;6;Inner;;183.556;183.558;171.26800011770354;171.26628244902253;operator
Q9_110_seed_894239379;16855;Hash Join;5;Outer;;186.451;994.045;94.80853537143634;808.4089947913516;operator
Q9_110_seed_894239379;16867;Index Scan;5;Inner;;0.003;0.003;0.0036193067124574707;0.02829075751533014;operator
Q9_110_seed_894239379;16854;Nested Loop;4;Outer;;186.855;1165.294;116.23307926033286;1191.847143823897;operator
Q9_110_seed_894239379;16851;Aggregate;1;Outer;;1202.201;1208.616;829.200740877694;835.0237453764839;pattern
Q9_110_seed_894239379;16850;Sort;0;;;1202.715;1208.756;1100.3123877507521;1102.2147950657263;operator
Q9_112_seed_910647441;16898;Seq Scan;10;Outer;;0.134;19.957;0.3673969049771262;38.3291954043996;operator
Q9_112_seed_910647441;16899;Index Scan;10;Inner;;0.073;0.076;0.07178832082707437;0.0680857234224651;operator
Q9_112_seed_910647441;16897;Nested Loop;9;Outer;;0.583;158.154;16.122545672907464;1062.3554614488064;operator
Q9_112_seed_910647441;16900;Hash;9;Inner;;3.768;3.768;0.7695368965271534;0.8182721757808551;pattern
Q9_112_seed_910647441;16896;Hash Join;8;Outer;;4.372;163.85;28.95776335076205;1015.2008703814647;operator
Q9_112_seed_910647441;16902;Hash;8;Inner;;13.119;13.119;0.011122619810567613;0.011231159573728888;pattern
Q9_112_seed_910647441;16895;Hash Join;7;Outer;;17.504;177.609;33.3457752606228;1033.2350289278952;operator
Q9_112_seed_910647441;16893;Seq Scan;6;Outer;;0.468;720.176;0.7262434262957824;678.6658340566679;operator
Q9_112_seed_910647441;16894;Hash;6;Inner;;180.111;180.112;170.78019645284152;170.77849404582724;operator
Q9_112_seed_910647441;16892;Hash Join;5;Outer;;181.329;994.359;94.5081662940647;808.2067359243625;operator
Q9_112_seed_910647441;16904;Index Scan;5;Inner;;0.003;0.003;0.0036193067124574707;0.02829075751533014;operator
Q9_112_seed_910647441;16891;Nested Loop;4;Outer;;181.784;1170.486;116.21933074672032;1186.509030143036;operator
Q9_112_seed_910647441;16888;Aggregate;1;Outer;;1210.85;1214.798;829.0153631765202;834.8383961269002;pattern
Q9_112_seed_910647441;16887;Sort;0;;;1211.444;1214.93;1100.291151391553;1102.193438797324;operator
Q9_120_seed_976279689;17061;Seq Scan;10;Outer;;0.159;19.718;0.37145133672255237;38.49424110084996;operator
Q9_120_seed_976279689;17062;Index Scan;10;Inner;;0.072;0.076;0.07178832038922561;0.0680857234224651;operator
Q9_120_seed_976279689;17060;Nested Loop;9;Outer;;0.582;160.083;16.12502826536712;1061.8978450415636;operator
Q9_120_seed_976279689;17063;Hash;9;Inner;;3.215;3.216;0.7695368965271534;0.8182721757808551;pattern
Q9_120_seed_976279689;17059;Hash Join;8;Outer;;3.816;165.301;28.966198456450627;1014.4966826184885;operator
Q9_120_seed_976279689;17065;Hash;8;Inner;;12.699;12.7;0.011122619810567613;0.011231159573728888;pattern
Q9_120_seed_976279689;17058;Hash Join;7;Outer;;16.522;178.636;33.365745842228065;1032.3727725957544;operator
Q9_120_seed_976279689;17056;Seq Scan;6;Outer;;0.275;696.306;0.7262434262957824;678.6658340566679;operator
Q9_120_seed_976279689;17057;Hash;6;Inner;;180.922;180.924;170.28110531777222;170.27941869249398;operator
Q9_120_seed_976279689;17055;Hash Join;5;Outer;;182.004;972.924;94.20091546108823;807.9975676443166;operator
Q9_120_seed_976279689;17067;Index Scan;5;Inner;;0.003;0.003;0.0036193067124574707;0.02829075751533014;operator
Q9_120_seed_976279689;17054;Nested Loop;4;Outer;;182.524;1153.406;116.20516558785464;1180.033560014789;operator
Q9_120_seed_976279689;17051;Aggregate;1;Outer;;1194.374;1198.408;828.7916735958632;834.6147410273637;pattern
Q9_120_seed_976279689;17050;Sort;0;;;1195.079;1198.583;1100.2655317624217;1102.167674459821;operator
Q9_131_seed_1066524030;17278;Seq Scan;10;Outer;;0.224;19.307;0.36467933720077106;38.220626492939715;operator
Q9_131_seed_1066524030;17279;Index Scan;10;Inner;;0.073;0.075;0.07178832106316146;0.0680857234224651;operator
Q9_131_seed_1066524030;17277;Nested Loop;9;Outer;;0.693;156.459;16.124366760093835;1062.6725319164495;operator
Q9_131_seed_1066524030;17280;Hash;9;Inner;;2.86;2.861;0.7695368965271534;0.8182721757808551;pattern
Q9_131_seed_1066524030;17276;Hash Join;8;Outer;;3.575;161.641;28.954605980482526;1015.6789401838085;operator
Q9_131_seed_1066524030;17282;Hash;8;Inner;;14.455;14.455;0.011122619810567613;0.011231159573728888;pattern
Q9_131_seed_1066524030;17275;Hash Join;7;Outer;;18.041;176.734;33.33551383712822;1033.8107520895367;operator
Q9_131_seed_1066524030;17273;Seq Scan;6;Outer;;0.262;699.694;0.7262434262957824;678.6658340566679;operator
Q9_131_seed_1066524030;17274;Hash;6;Inner;;178.578;178.581;171.1068672698808;171.1051546290114;operator
Q9_131_seed_1066524030;17272;Hash Join;5;Outer;;179.572;973.127;94.70920420962489;808.3423511420708;operator
Q9_131_seed_1066524030;17284;Index Scan;5;Inner;;0.003;0.003;0.0036193067124574707;0.02829075751533014;operator
Q9_131_seed_1066524030;17271;Nested Loop;4;Outer;;180.23;1143.37;116.2285435130017;1190.1905560946918;operator
Q9_131_seed_1066524030;17268;Aggregate;1;Outer;;1184.747;1189.123;829.1431179174378;834.9661312475514;pattern
Q9_131_seed_1066524030;17267;Sort;0;;;1185.188;1189.247;1100.3057861697982;1102.208156213513;operator
Q9_137_seed_1115748216;17386;Seq Scan;10;Outer;;0.126;18.945;0.37547909191391327;38.6619235760825;operator
Q9_137_seed_1115748216;17387;Index Scan;10;Inner;;0.07;0.073;0.0717883198507801;0.0680857234224651;operator
Q9_137_seed_1115748216;17385;Nested Loop;9;Outer;;0.561;152.593;16.12808648244507;1061.4619437591105;operator
Q9_137_seed_1115748216;17388;Hash;9;Inner;;3.407;3.408;0.7695368965271534;0.8182721757808551;pattern
Q9_137_seed_1115748216;17384;Hash Join;8;Outer;;3.993;158.07;28.977624086046802;1013.7881174791901;operator
Q9_137_seed_1115748216;17390;Hash;8;Inner;;13.277;13.278;0.011122619810567613;0.011231159573728888;pattern
Q9_137_seed_1115748216;17383;Hash Join;7;Outer;;17.285;171.992;33.38946857351783;1031.4996986558863;operator
Q9_137_seed_1115748216;17381;Seq Scan;6;Outer;;0.653;685.75;0.7262434262957824;678.6658340566679;operator
Q9_137_seed_1115748216;17382;Hash;6;Inner;;174.047;174.048;169.77015207579018;169.76848176467166;operator
Q9_137_seed_1115748216;17380;Hash Join;5;Outer;;175.616;956.131;93.88670093478092;807.7812913046658;operator
Q9_137_seed_1115748216;17392;Index Scan;5;Inner;;0.003;0.003;0.0036193067124574707;0.02829075751533014;operator
Q9_137_seed_1115748216;17379;Nested Loop;4;Outer;;176.032;1123.857;116.19057365212501;1172.4403910265826;operator
Q9_137_seed_1115748216;17376;Aggregate;1;Outer;;1162.397;1169.909;828.5310485742325;834.3541563756415;pattern
Q9_137_seed_1115748216;17375;Sort;0;;;1162.9;1170.052;1100.2356896124436;1102.1376636830523;operator
Q9_142_seed_1156768371;17495;Seq Scan;10;Outer;;0.241;21.315;0.3673969049771262;38.3291954043996;operator
Q9_142_seed_1156768371;17496;Index Scan;10;Inner;;0.073;0.075;0.07178832082707437;0.0680857234224651;operator
Q9_142_seed_1156768371;17494;Nested Loop;9;Outer;;0.717;156.084;16.122545672907464;1062.3554614488064;operator
Q9_142_seed_1156768371;17497;Hash;9;Inner;;4.766;4.767;0.7695368965271534;0.8182721757808551;pattern
Q9_142_seed_1156768371;17493;Hash Join;8;Outer;;5.505;163.177;28.95776335076205;1015.2008703814647;operator
Q9_142_seed_1156768371;17499;Hash;8;Inner;;13.794;13.794;0.011122619810567613;0.011231159573728888;pattern
Q9_142_seed_1156768371;17492;Hash Join;7;Outer;;19.313;177.607;33.3457752606228;1033.2350289278952;operator
Q9_142_seed_1156768371;17490;Seq Scan;6;Outer;;0.238;718.887;0.7262434262957824;678.6658340566679;operator
Q9_142_seed_1156768371;17491;Hash;6;Inner;;179.58;179.582;170.78019645284152;170.77849404582724;operator
Q9_142_seed_1156768371;17489;Hash Join;5;Outer;;180.691;991.81;94.5081662940647;808.2067359243625;operator
Q9_142_seed_1156768371;17501;Index Scan;5;Inner;;0.003;0.003;0.0036193067124574707;0.02829075751533014;operator
Q9_142_seed_1156768371;17488;Nested Loop;4;Outer;;181.176;1170.7;116.21933074672032;1186.509030143036;operator
Q9_142_seed_1156768371;17485;Aggregate;1;Outer;;1210.011;1215.011;829.0153631765202;834.8383961269002;pattern
Q9_142_seed_1156768371;17484;Sort;0;;;1210.637;1215.154;1100.291151391553;1102.193438797324;operator
Q9_146_seed_1189584495;17567;Seq Scan;10;Outer;;0.473;19.941;0.3741394966507673;38.60573603894207;operator
Q9_146_seed_1189584495;17568;Index Scan;10;Inner;;0.067;0.07;0.07178832005242025;0.0680857234224651;operator
Q9_146_seed_1189584495;17566;Nested Loop;9;Outer;;1.049;148.473;16.122762030748675;1061.6048228180753;operator
Q9_146_seed_1189584495;17569;Hash;9;Inner;;3.296;3.296;0.7695368965271534;0.8182721757808551;pattern
Q9_146_seed_1189584495;17565;Hash Join;8;Outer;;4.368;153.95;28.972300641991424;1014.0104914585336;operator
Q9_146_seed_1189584495;17571;Hash;8;Inner;;13.65;13.65;0.011122619810567613;0.011231159573728888;pattern
Q9_146_seed_1189584495;17564;Hash Join;7;Outer;;18.029;168.227;33.37969514566906;1031.78325378966;operator
Q9_146_seed_1189584495;17562;Seq Scan;6;Outer;;0.343;699.633;0.7262434262957824;678.6658340566679;operator
Q9_146_seed_1189584495;17563;Hash;6;Inner;;170.268;170.27;169.94149424600366;169.9398184293073;operator
Q9_146_seed_1189584495;17561;Hash Join;5;Outer;;170.91;964.326;93.99241431002669;807.8543260979844;operator
Q9_146_seed_1189584495;17573;Index Scan;5;Inner;;0.003;0.003;0.0036193067124574707;0.02829075751533014;operator
Q9_146_seed_1189584495;17560;Nested Loop;4;Outer;;171.379;1134.29;116.1954950440196;1175.0833658973436;operator
Q9_146_seed_1189584495;17557;Aggregate;1;Outer;;1172.855;1180.451;828.6215582740055;834.4446520325771;pattern
Q9_146_seed_1189584495;17556;Sort;0;;;1173.272;1180.563;1100.2460522282252;1102.1480848624058;operator
Q9_14_seed_106652403;17640;Seq Scan;10;Outer;;0.227;20.064;0.37814923630259845;38.7751799545336;operator
Q9_14_seed_106652403;17641;Index Scan;10;Inner;;0.072;0.075;0.07178831954757592;0.0680857234224651;operator
Q9_14_seed_106652403;17639;Nested Loop;9;Outer;;0.649;153.72;16.125709075872876;1061.183474385853;operator
Q9_14_seed_106652403;17642;Hash;9;Inner;;6.312;6.313;0.7695368965271534;0.8182721757808551;pattern
Q9_14_seed_106652403;17638;Hash Join;8;Outer;;6.988;162.446;28.998022253296995;1013.1059332091659;operator
Q9_14_seed_106652403;17644;Hash;8;Inner;;13.883;13.883;0.011122619810567613;0.011231159573728888;pattern
Q9_14_seed_106652403;17637;Hash Join;7;Outer;;20.883;176.94;33.422471869434645;1030.6453828044541;operator
Q9_14_seed_106652403;17635;Seq Scan;6;Outer;;0.312;700.16;0.7262434262957824;678.6658340566679;operator
Q9_14_seed_106652403;17636;Hash;6;Inner;;183.32;183.322;169.25130324402795;169.24964968600108;operator
Q9_14_seed_106652403;17634;Hash Join;5;Outer;;183.728;976.333;93.57230687729711;807.5625635691794;operator
Q9_14_seed_106652403;17646;Index Scan;5;Inner;;0.003;0.003;0.0036193067124574707;0.02829075751533014;operator
Q9_14_seed_106652403;17633;Nested Loop;4;Outer;;184.298;1150.826;116.17586949115181;1166.832711957192;operator
Q9_14_seed_106652403;17630;Aggregate;1;Outer;;1186.969;1193.553;828.3396742649318;834.1628117913607;pattern
Q9_14_seed_106652403;17629;Sort;0;;;1187.531;1193.694;1100.213782147045;1102.1156323800712;operator
Q9_16_seed_123060465;17694;Seq Scan;10;Outer;;0.277;21.642;0.3768156768971369;38.71840480481822;operator
Q9_16_seed_123060465;17695;Index Scan;10;Inner;;0.072;0.075;0.07178831971583083;0.0680857234224651;operator
Q9_16_seed_123060465;17693;Nested Loop;9;Outer;;0.819;155.318;16.125571351489853;1061.3214926706485;operator
Q9_16_seed_123060465;17696;Hash;9;Inner;;4.949;4.949;0.7695368965271534;0.8182721757808551;pattern
Q9_16_seed_123060465;17692;Hash Join;8;Outer;;5.796;162.706;28.986786275669616;1013.4498208142361;operator
Q9_16_seed_123060465;17698;Hash;8;Inner;;12.934;12.935;0.011122619810567613;0.011231159573728888;pattern
Q9_16_seed_123060465;17691;Hash Join;7;Outer;;18.747;176.265;33.40461752990504;1031.0796834121654;operator
Q9_16_seed_123060465;17689;Seq Scan;6;Outer;;0.045;697.207;0.7262434262957824;678.6658340566679;operator
Q9_16_seed_123060465;17690;Hash;6;Inner;;179.057;179.059;169.51744235962664;169.51578018241287;operator
Q9_16_seed_123060465;17688;Hash Join;5;Outer;;182.743;973.171;93.73356612865757;807.6750509152511;operator
Q9_16_seed_123060465;17700;Index Scan;5;Inner;;0.003;0.003;0.0036193067124574707;0.02829075751533014;operator
Q9_16_seed_123060465;17687;Nested Loop;4;Outer;;183.174;1140.781;116.18342483581759;1169.6835501921612;operator
Q9_16_seed_123060465;17684;Aggregate;1;Outer;;1178.27;1183.437;828.4368410464334;834.2599634683274;pattern
Q9_16_seed_123060465;17683;Sort;0;;;1178.766;1183.563;1100.2249046956274;1102.126817806666;operator
Q9_18_seed_139468527;17732;Seq Scan;11;Outer;;0.361;27.133;0.3605813787653809;38.05996023846248;operator
Q9_18_seed_139468527;17733;Index Scan;11;Inner;;0.057;0.06;0.07178832136598134;0.0680857234224651;operator
Q9_18_seed_139468527;17731;Nested Loop;10;Outer;;0.809;193.216;16.122211187572674;1063.1660144312564;operator
Q9_18_seed_139468527;17734;Hash;10;Inner;;5.639;5.64;0.7695368965271534;0.8182721757808551;pattern
Q9_18_seed_139468527;17730;Hash Join;9;Outer;;6.468;201.665;28.9507338019054;1016.3750558219044;operator
Q9_18_seed_139468527;17736;Hash;9;Inner;;14.708;14.708;0.011122619810567613;0.011231159573728888;pattern
Q9_18_seed_139468527;17729;Hash Join;8;Outer;;21.189;217.262;33.32120983445425;1034.6553951621;operator
Q9_18_seed_139468527;17727;Seq Scan;7;Outer;;0.157;680.756;0.7262434262957824;678.6658340566679;operator
Q9_18_seed_139468527;17728;Hash;7;Inner;;220.739;220.74;171.5873075678995;171.5855799760606;operator
Q9_18_seed_139468527;17726;Hash Join;6;Outer;;221.954;1018.617;95.00566535101814;808.5405412967502;operator
Q9_18_seed_139468527;17724;Seq Scan;5;Outer;;0.209;125.496;0.1060125656522749;153.22948678942822;operator
Q9_18_seed_139468527;17725;Hash;5;Inner;;1036.553;1036.575;192.2550225779952;192.25486032076606;operator
Q9_18_seed_139468527;17723;Hash Join;4;Outer;;1037.09;1224.271;135.52257422157928;565.9199918029323;operator
Q9_18_seed_139468527;17720;Aggregate;1;Outer;;1265.078;1271.29;817.8683783518952;823.693912728611;pattern
Q9_18_seed_139468527;17719;Sort;0;;;1265.658;1271.448;1099.0220216280682;1100.9170746836921;operator
Q9_28_seed_221508837;17930;Seq Scan;10;Outer;;0.185;22.729;0.37547909191391327;38.6619235760825;operator
Q9_28_seed_221508837;17931;Index Scan;10;Inner;;0.073;0.075;0.0717883198507801;0.0680857234224651;operator
Q9_28_seed_221508837;17929;Nested Loop;9;Outer;;0.595;156.263;16.12808648244507;1061.4619437591105;operator
Q9_28_seed_221508837;17932;Hash;9;Inner;;2.551;2.552;0.7695368965271534;0.8182721757808551;pattern
Q9_28_seed_221508837;17928;Hash Join;8;Outer;;3.169;161.146;28.977624086046802;1013.7881174791901;operator
Q9_28_seed_221508837;17934;Hash;8;Inner;;13.375;13.375;0.011122619810567613;0.011231159573728888;pattern
Q9_28_seed_221508837;17927;Hash Join;7;Outer;;16.554;175.137;33.38946857351783;1031.4996986558863;operator
Q9_28_seed_221508837;17925;Seq Scan;6;Outer;;0.409;766.119;0.7262434262957824;678.6658340566679;operator
Q9_28_seed_221508837;17926;Hash;6;Inner;;177.016;177.018;169.77015207579018;169.76848176467166;operator
Q9_28_seed_221508837;17924;Hash Join;5;Outer;;177.589;1034.425;93.88670093478092;807.7812913046658;operator
Q9_28_seed_221508837;17936;Index Scan;5;Inner;;0.003;0.003;0.0036193067124574707;0.02829075751533014;operator
Q9_28_seed_221508837;17923;Nested Loop;4;Outer;;178.117;1217.344;116.19057365212501;1172.4403910265826;operator
Q9_28_seed_221508837;17920;Aggregate;1;Outer;;1255.669;1264.713;828.5310485742325;834.3541563756415;pattern
Q9_28_seed_221508837;17919;Sort;0;;;1256.113;1264.843;1100.2356896124436;1102.1376636830523;operator
Q9_37_seed_295345116;18112;Seq Scan;10;Outer;;0.294;21.524;0.3673969049771262;38.3291954043996;operator
Q9_37_seed_295345116;18113;Index Scan;10;Inner;;0.074;0.076;0.07178832082707437;0.0680857234224651;operator
Q9_37_seed_295345116;18111;Nested Loop;9;Outer;;0.758;160.891;16.122545672907464;1062.3554614488064;operator
Q9_37_seed_295345116;18114;Hash;9;Inner;;4.612;4.613;0.7695368965271534;0.8182721757808551;pattern
Q9_37_seed_295345116;18110;Hash Join;8;Outer;;5.394;167.943;28.95776335076205;1015.2008703814647;operator
Q9_37_seed_295345116;18116;Hash;8;Inner;;13.511;13.511;0.011122619810567613;0.011231159573728888;pattern
Q9_37_seed_295345116;18109;Hash Join;7;Outer;;18.916;182.084;33.3457752606228;1033.2350289278952;operator
Q9_37_seed_295345116;18107;Seq Scan;6;Outer;;0.354;716.583;0.7262434262957824;678.6658340566679;operator
Q9_37_seed_295345116;18108;Hash;6;Inner;;183.94;183.942;170.78019645284152;170.77849404582724;operator
Q9_37_seed_295345116;18106;Hash Join;5;Outer;;184.433;995.255;94.5081662940647;808.2067359243625;operator
Q9_37_seed_295345116;18118;Index Scan;5;Inner;;0.003;0.003;0.0036193067124574707;0.02829075751533014;operator
Q9_37_seed_295345116;18105;Nested Loop;4;Outer;;184.994;1165.516;116.21933074672032;1186.509030143036;operator
Q9_37_seed_295345116;18102;Aggregate;1;Outer;;1205.255;1210.82;829.0153631765202;834.8383961269002;pattern
Q9_37_seed_295345116;18101;Sort;0;;;1205.818;1210.951;1100.291151391553;1102.193438797324;operator
Q9_3_seed_16408062;18168;Seq Scan;11;Outer;;0.156;23.905;0.3592096938629725;38.006986969499366;operator
Q9_3_seed_16408062;18169;Index Scan;11;Inner;;0.056;0.06;0.07178832146695846;0.0680857234224651;operator
Q9_3_seed_16408062;18167;Nested Loop;10;Outer;;0.377;187.29;16.12385120407872;1063.335252308045;operator
Q9_3_seed_16408062;18170;Hash;10;Inner;;3.069;3.07;0.7695368965271534;0.8182721757808551;pattern
Q9_3_seed_16408062;18166;Hash Join;9;Outer;;3.472;192.886;28.950639584619225;1016.614270529087;operator
Q9_3_seed_16408062;18172;Hash;9;Inner;;15.051;15.051;0.011122619810567613;0.011231159573728888;pattern
Q9_3_seed_16408062;18165;Hash Join;8;Outer;;18.541;208.852;33.317909319479725;1034.939834181967;operator
Q9_3_seed_16408062;18163;Seq Scan;7;Outer;;0.243;688.751;0.7262434262957824;678.6658340566679;operator
Q9_3_seed_16408062;18164;Hash;7;Inner;;211.195;211.197;171.74548711890714;171.74375464518076;operator
Q9_3_seed_16408062;18162;Hash Join;6;Outer;;211.526;1014.465;95.10317184697313;808.605254126714;operator
Q9_3_seed_16408062;18160;Seq Scan;5;Outer;;0.264;131.096;0.1060125656522749;153.22948678942822;operator
Q9_3_seed_16408062;18161;Hash;5;Inner;;1034.307;1034.309;192.2302248293127;192.2300651764052;operator
Q9_3_seed_16408062;18159;Hash Join;4;Outer;;1034.914;1227.696;135.59127449021778;566.3740858991212;operator
Q9_3_seed_16408062;18156;Aggregate;1;Outer;;1270.417;1277.401;817.8687151741831;823.6942495040927;pattern
Q9_3_seed_16408062;18155;Sort;0;;;1270.872;1277.528;1099.0220597470432;1100.9171130219763;operator
Q9_40_seed_319957209;18185;Seq Scan;10;Outer;;0.337;19.487;0.36467933720077106;38.220626492939715;operator
Q9_40_seed_319957209;18186;Index Scan;10;Inner;;0.072;0.074;0.07178832106316146;0.0680857234224651;operator
Q9_40_seed_319957209;18184;Nested Loop;9;Outer;;0.828;154.541;16.124366760093835;1062.6725319164495;operator
Q9_40_seed_319957209;18187;Hash;9;Inner;;1.618;1.618;0.7695368965271534;0.8182721757808551;pattern
Q9_40_seed_319957209;18183;Hash Join;8;Outer;;2.47;158.749;28.954605980482526;1015.6789401838085;operator
Q9_40_seed_319957209;18189;Hash;8;Inner;;12.971;12.972;0.011122619810567613;0.011231159573728888;pattern
Q9_40_seed_319957209;18182;Hash Join;7;Outer;;15.449;172.338;33.33551383712822;1033.8107520895367;operator
Q9_40_seed_319957209;18180;Seq Scan;6;Outer;;0.947;690.791;0.7262434262957824;678.6658340566679;operator
Q9_40_seed_319957209;18181;Hash;6;Inner;;174.298;174.3;171.1068672698808;171.1051546290114;operator
Q9_40_seed_319957209;18179;Hash Join;5;Outer;;175.352;958.66;94.70920420962489;808.3423511420708;operator
Q9_40_seed_319957209;18191;Index Scan;5;Inner;;0.003;0.003;0.0036193067124574707;0.02829075751533014;operator
Q9_40_seed_319957209;18178;Nested Loop;4;Outer;;175.816;1133.351;116.2285435130017;1190.1905560946918;operator
Q9_40_seed_319957209;18175;Aggregate;1;Outer;;1174.2;1179.988;829.1431179174378;834.9661312475514;pattern
Q9_40_seed_319957209;18174;Sort;0;;;1174.587;1180.108;1100.3057861697982;1102.208156213513;operator
Q9_45_seed_360977364;18275;Seq Scan;10;Outer;;0.107;19.738;0.36603957201014903;38.274764964479886;operator
Q9_45_seed_360977364;18276;Index Scan;10;Inner;;0.072;0.075;0.07178832096195292;0.0680857234224651;operator
Q9_45_seed_360977364;18274;Nested Loop;9;Outer;;0.552;156.407;16.124497534350454;1062.5128010740539;operator
Q9_45_seed_360977364;18277;Hash;9;Inner;;3.038;3.038;0.7695368965271534;0.8182721757808551;pattern
Q9_45_seed_360977364;18273;Hash Join;8;Outer;;3.611;161.524;28.956323155129397;1015.4437085088223;operator
Q9_45_seed_360977364;18279;Hash;8;Inner;;12.829;12.829;0.011122619810567613;0.011231159573728888;pattern
Q9_45_seed_360977364;18272;Hash Join;7;Outer;;16.451;174.993;33.340811952925364;1033.5255851495815;operator
Q9_45_seed_360977364;18270;Seq Scan;6;Outer;;0.3;700.608;0.7262434262957824;678.6658340566679;operator
Q9_45_seed_360977364;18271;Hash;6;Inner;;176.838;176.84;170.94419945464267;170.94249190579657;operator
Q9_45_seed_360977364;18269;Hash Join;5;Outer;;178.833;973.962;94.60898908238549;808.2748706206754;operator
Q9_45_seed_360977364;18281;Index Scan;5;Inner;;0.003;0.003;0.0036193067124574707;0.02829075751533014;operator
Q9_45_seed_360977364;18268;Nested Loop;4;Outer;;179.227;1147.243;116.22395650866265;1188.4120644781192;operator
Q9_45_seed_360977364;18265;Aggregate;1;Outer;;1188.65;1193.917;829.0813490836191;834.9043718931749;pattern
Q9_45_seed_360977364;18264;Sort;0;;;1189.303;1194.074;1100.298710070411;1102.201040159842;operator
Q9_48_seed_385589457;18329;Seq Scan;10;Outer;;0.319;19.754;0.3687513204681705;38.38391807142642;operator
Q9_48_seed_385589457;18330;Index Scan;10;Inner;;0.068;0.072;0.07178832069258828;0.0680857234224651;operator
Q9_48_seed_385589457;18328;Nested Loop;9;Outer;;0.812;149.986;16.12692230306395;1062.2005186085948;operator
Q9_48_seed_385589457;18331;Hash;9;Inner;;3.798;3.798;0.7695368965271534;0.8182721757808551;pattern
Q9_48_seed_385589457;18327;Hash Join;8;Outer;;4.63;156.084;28.96124523151464;1014.9787865593928;operator
Q9_48_seed_385589457;18333;Hash;8;Inner;;13.522;13.522;0.011122619810567613;0.011231159573728888;pattern
Q9_48_seed_385589457;18326;Hash Join;7;Outer;;18.16;170.237;33.35324434146841;1032.9561148821542;operator
Q9_48_seed_385589457;18324;Seq Scan;6;Outer;;0.315;718.79;0.7262434262957824;678.6658340566679;operator
Q9_48_seed_385589457;18325;Hash;6;Inner;;172.221;172.223;170.6153538063105;170.61365660935982;operator
Q9_48_seed_385589457;18323;Hash Join;5;Outer;;172.665;984.944;94.40632998137873;808.1376588774593;operator
Q9_48_seed_385589457;18335;Index Scan;5;Inner;;0.003;0.003;0.0036193067124574707;0.02829075751533014;operator
Q9_48_seed_385589457;18322;Nested Loop;4;Outer;;173.209;1157.642;116.21464697903856;1184.4824050817379;operator
Q9_48_seed_385589457;18319;Aggregate;1;Outer;;1198.204;1204.655;828.9452147853939;834.7682585316832;pattern
Q9_48_seed_385589457;18318;Sort;0;;;1198.715;1204.797;1100.2831164884885;1102.1853585162153;operator
Q9_63_seed_508649922;18636;Seq Scan;10;Outer;;0.238;20.474;0.36603957201014903;38.274764964479886;operator
Q9_63_seed_508649922;18637;Index Scan;10;Inner;;0.072;0.074;0.07178832096195292;0.0680857234224651;operator
Q9_63_seed_508649922;18635;Nested Loop;9;Outer;;0.729;155.813;16.124497534350454;1062.5128010740539;operator
Q9_63_seed_508649922;18638;Hash;9;Inner;;5.226;5.226;0.7695368965271534;0.8182721757808551;pattern
Q9_63_seed_508649922;18634;Hash Join;8;Outer;;5.978;163.541;28.956323155129397;1015.4437085088223;operator
Q9_63_seed_508649922;18640;Hash;8;Inner;;13.362;13.362;0.011122619810567613;0.011231159573728888;pattern
Q9_63_seed_508649922;18633;Hash Join;7;Outer;;19.351;177.659;33.340811952925364;1033.5255851495815;operator
Q9_63_seed_508649922;18631;Seq Scan;6;Outer;;0.672;712.55;0.7262434262957824;678.6658340566679;operator
Q9_63_seed_508649922;18632;Hash;6;Inner;;179.596;179.598;170.94419945464267;170.94249190579657;operator
Q9_63_seed_508649922;18630;Hash Join;5;Outer;;181.254;987.351;94.60898908238549;808.2748706206754;operator
Q9_63_seed_508649922;18642;Index Scan;5;Inner;;0.003;0.003;0.0036193067124574707;0.02829075751533014;operator
Q9_63_seed_508649922;18629;Nested Loop;4;Outer;;181.706;1161.951;116.22395650866265;1188.4120644781192;operator
Q9_63_seed_508649922;18626;Aggregate;1;Outer;;1200.221;1205.411;829.0813490836191;834.9043718931749;pattern
Q9_63_seed_508649922;18625;Sort;0;;;1200.731;1205.554;1100.298710070411;1102.201040159842;operator
Q9_65_seed_525057984;18672;Seq Scan;10;Outer;;0.154;21.235;0.3741394966507673;38.60573603894207;operator
Q9_65_seed_525057984;18673;Index Scan;10;Inner;;0.065;0.068;0.07178832005242025;0.0680857234224651;operator
Q9_65_seed_525057984;18671;Nested Loop;9;Outer;;0.603;145.569;16.122762030748675;1061.6048228180753;operator
Q9_65_seed_525057984;18674;Hash;9;Inner;;3.891;3.891;0.7695368965271534;0.8182721757808551;pattern
Q9_65_seed_525057984;18670;Hash Join;8;Outer;;4.517;151.642;28.972300641991424;1014.0104914585336;operator
Q9_65_seed_525057984;18676;Hash;8;Inner;;12.938;12.938;0.011122619810567613;0.011231159573728888;pattern
Q9_65_seed_525057984;18669;Hash Join;7;Outer;;17.467;165.221;33.37969514566906;1031.78325378966;operator
Q9_65_seed_525057984;18667;Seq Scan;6;Outer;;0.205;703.893;0.7262434262957824;678.6658340566679;operator
Q9_65_seed_525057984;18668;Hash;6;Inner;;166.941;166.942;169.94149424600366;169.9398184293073;operator
Q9_65_seed_525057984;18666;Hash Join;5;Outer;;168.484;965.366;93.99241431002669;807.8543260979844;operator
Q9_65_seed_525057984;18678;Index Scan;5;Inner;;0.003;0.003;0.0036193067124574707;0.02829075751533014;operator
Q9_65_seed_525057984;18665;Nested Loop;4;Outer;;168.875;1133.41;116.1954950440196;1175.0833658973436;operator
Q9_65_seed_525057984;18662;Aggregate;1;Outer;;1171.26;1176.657;828.6215582740055;834.4446520325771;pattern
Q9_65_seed_525057984;18661;Sort;0;;;1172.174;1176.847;1100.2460522282252;1102.1480848624058;operator
Q9_67_seed_541466046;18708;Seq Scan;10;Outer;;0.157;19.81;0.37145133672255237;38.49424110084996;operator
Q9_67_seed_541466046;18709;Index Scan;10;Inner;;0.074;0.077;0.07178832038922561;0.0680857234224651;operator
Q9_67_seed_541466046;18707;Nested Loop;9;Outer;;0.664;159.228;16.12502826536712;1061.8978450415636;operator
Q9_67_seed_541466046;18710;Hash;9;Inner;;5.085;5.085;0.7695368965271534;0.8182721757808551;pattern
Q9_67_seed_541466046;18706;Hash Join;8;Outer;;5.771;166.386;28.966198456450627;1014.4966826184885;operator
Q9_67_seed_541466046;18712;Hash;8;Inner;;13.718;13.718;0.011122619810567613;0.011231159573728888;pattern
Q9_67_seed_541466046;18705;Hash Join;7;Outer;;19.498;180.729;33.365745842228065;1032.3727725957544;operator
Q9_67_seed_541466046;18703;Seq Scan;6;Outer;;0.405;701.645;0.7262434262957824;678.6658340566679;operator
Q9_67_seed_541466046;18704;Hash;6;Inner;;182.739;182.741;170.28110531777222;170.27941869249398;operator
Q9_67_seed_541466046;18702;Hash Join;5;Outer;;183.685;977.867;94.20091546108823;807.9975676443166;operator
Q9_67_seed_541466046;18714;Index Scan;5;Inner;;0.003;0.003;0.0036193067124574707;0.02829075751533014;operator
Q9_67_seed_541466046;18701;Nested Loop;4;Outer;;184.159;1147.625;116.20516558785464;1180.033560014789;operator
Q9_67_seed_541466046;18698;Aggregate;1;Outer;;1186.897;1196.083;828.7916735958632;834.6147410273637;pattern
Q9_67_seed_541466046;18697;Sort;0;;;1187.444;1196.208;1100.2655317624217;1102.167674459821;operator
Q9_81_seed_656322480;19000;Seq Scan;10;Outer;;0.149;18.784;0.37547909191391327;38.6619235760825;operator
Q9_81_seed_656322480;19001;Index Scan;10;Inner;;0.075;0.077;0.0717883198507801;0.0680857234224651;operator
Q9_81_seed_656322480;18999;Nested Loop;9;Outer;;0.601;159.179;16.12808648244507;1061.4619437591105;operator
Q9_81_seed_656322480;19002;Hash;9;Inner;;4.668;4.668;0.7695368965271534;0.8182721757808551;pattern
Q9_81_seed_656322480;18998;Hash Join;8;Outer;;5.292;165.902;28.977624086046802;1013.7881174791901;operator
Q9_81_seed_656322480;19004;Hash;8;Inner;;13.067;13.067;0.011122619810567613;0.011231159573728888;pattern
Q9_81_seed_656322480;18997;Hash Join;7;Outer;;18.367;179.605;33.38946857351783;1031.4996986558863;operator
Q9_81_seed_656322480;18995;Seq Scan;6;Outer;;0.426;708.425;0.7262434262957824;678.6658340566679;operator
Q9_81_seed_656322480;18996;Hash;6;Inner;;181.583;181.587;169.77015207579018;169.76848176467166;operator
Q9_81_seed_656322480;18994;Hash Join;5;Outer;;183.105;984.708;93.88670093478092;807.7812913046658;operator
Q9_81_seed_656322480;19006;Index Scan;5;Inner;;0.003;0.003;0.0036193067124574707;0.02829075751533014;operator
Q9_81_seed_656322480;18993;Nested Loop;4;Outer;;183.524;1157.742;116.19057365212501;1172.4403910265826;operator
Q9_81_seed_656322480;18990;Aggregate;1;Outer;;1195.476;1200.822;828.5310485742325;834.3541563756415;pattern
Q9_81_seed_656322480;18989;Sort;0;;;1196.069;1200.958;1100.2356896124436;1102.1376636830523;operator
Q9_86_seed_697342635;19091;Seq Scan;10;Outer;;0.346;20.13;0.3768156768971369;38.71840480481822;operator
Q9_86_seed_697342635;19092;Index Scan;10;Inner;;0.076;0.079;0.07178831971583083;0.0680857234224651;operator
Q9_86_seed_697342635;19090;Nested Loop;9;Outer;;0.801;162.197;16.125571351489853;1061.3214926706485;operator
Q9_86_seed_697342635;19093;Hash;9;Inner;;4.886;4.886;0.7695368965271534;0.8182721757808551;pattern
Q9_86_seed_697342635;19089;Hash Join;8;Outer;;5.714;169.532;28.986786275669616;1013.4498208142361;operator
Q9_86_seed_697342635;19095;Hash;8;Inner;;13.73;13.731;0.011122619810567613;0.011231159573728888;pattern
Q9_86_seed_697342635;19088;Hash Join;7;Outer;;19.46;183.88;33.40461752990504;1031.0796834121654;operator
Q9_86_seed_697342635;19086;Seq Scan;6;Outer;;0.198;684.296;0.7262434262957824;678.6658340566679;operator
Q9_86_seed_697342635;19087;Hash;6;Inner;;185.754;185.756;169.51744235962664;169.51578018241287;operator
Q9_86_seed_697342635;19085;Hash Join;5;Outer;;186.726;963.211;93.73356612865757;807.6750509152511;operator
Q9_86_seed_697342635;19097;Index Scan;5;Inner;;0.003;0.003;0.0036193067124574707;0.02829075751533014;operator
Q9_86_seed_697342635;19084;Nested Loop;4;Outer;;187.206;1137.788;116.18342483581759;1169.6835501921612;operator
Q9_86_seed_697342635;19081;Aggregate;1;Outer;;1176.017;1183.489;828.4368410464334;834.2599634683274;pattern
Q9_86_seed_697342635;19080;Sort;0;;;1176.523;1183.617;1100.2249046956274;1102.126817806666;operator
Q9_88_seed_713750697;19129;Seq Scan;11;Outer;;0.255;26.299;0.3592096938629725;38.006986969499366;operator
Q9_88_seed_713750697;19130;Index Scan;11;Inner;;0.058;0.06;0.07178832146695846;0.0680857234224651;operator
Q9_88_seed_713750697;19128;Nested Loop;10;Outer;;0.783;191.639;16.12385120407872;1063.335252308045;operator
Q9_88_seed_713750697;19131;Hash;10;Inner;;6.382;6.382;0.7695368965271534;0.8182721757808551;pattern
Q9_88_seed_713750697;19127;Hash Join;9;Outer;;7.181;200.639;28.950639584619225;1016.614270529087;operator
Q9_88_seed_713750697;19133;Hash;9;Inner;;15.261;15.261;0.011122619810567613;0.011231159573728888;pattern
Q9_88_seed_713750697;19126;Hash Join;8;Outer;;22.455;216.801;33.317909319479725;1034.939834181967;operator
Q9_88_seed_713750697;19124;Seq Scan;7;Outer;;0.82;698.146;0.7262434262957824;678.6658340566679;operator
Q9_88_seed_713750697;19125;Hash;7;Inner;;219.189;219.191;171.74548711890714;171.74375464518076;operator
Q9_88_seed_713750697;19123;Hash Join;6;Outer;;220.736;1036.038;95.10317184697313;808.605254126714;operator
Q9_88_seed_713750697;19121;Seq Scan;5;Outer;;0.149;126.521;0.1060125656522749;153.22948678942822;operator
Q9_88_seed_713750697;19122;Hash;5;Inner;;1054.576;1054.578;192.2302248293127;192.2300651764052;operator
Q9_88_seed_713750697;19120;Hash Join;4;Outer;;1055.31;1245.02;135.59127449021778;566.3740858991212;operator
Q9_88_seed_713750697;19117;Aggregate;1;Outer;;1285.708;1292.184;817.8687151741831;823.6942495040927;pattern
Q9_88_seed_713750697;19116;Sort;0;;;1286.245;1292.318;1099.0220597470432;1100.9171130219763;operator
Q10_100_seed_812199069;19377;Seq Scan;7;Outer;;0.226;158.882;0.20100779027355725;164.5177021600265;operator
Q10_100_seed_812199069;19378;Index Scan;7;Inner;;0.058;0.061;0.057001969510232564;0.05619942511981338;operator
Q10_100_seed_812199069;19376;Nested Loop;6;Outer;;0.391;1025.859;18.323999737462557;1085.9696065297196;operator
Q10_100_seed_812199069;19379;Hash;6;Inner;;31.436;31.437;19.650077118228687;23.176835456698306;pattern
Q10_100_seed_812199069;19375;Hash Join;5;Outer;;32.529;1067.556;36.6084044758188;1074.1227313096404;operator
Q10_100_seed_812199069;19381;Hash;5;Inner;;0.012;0.012;0.011122619810567613;0.011231159573728888;pattern
Q10_100_seed_812199069;19374;Hash Join;4;Outer;;32.601;1070.51;42.912310540667946;1109.421075550247;operator
Q10_100_seed_812199069;19373;Gather;3;Outer;;34.062;1078.09;298.28885085395996;1060.415387103258;operator
Q10_100_seed_812199069;19371;Sort;1;Outer;;1133.195;1133.997;1161.2457618989715;1162.352279227329;pattern
Q10_100_seed_812199069;19370;Limit;0;;;1133.196;1133.998;1965.3671442509662;1969.2156442509654;operator
Q10_104_seed_845015193;19429;Seq Scan;7;Outer;;0.176;159.491;0.2010339489830918;164.5239582028482;operator
Q10_104_seed_845015193;19430;Index Scan;7;Inner;;0.061;0.063;0.05700196940252167;0.05619942511981338;operator
Q10_104_seed_845015193;19428;Nested Loop;6;Outer;;0.659;1036.615;18.321934791927944;1085.409634960837;operator
Q10_104_seed_845015193;19431;Hash;6;Inner;;37.2;37.2;19.650077118228687;23.176835456698306;pattern
Q10_104_seed_845015193;19427;Hash Join;5;Outer;;38.902;1084.591;36.52737642679156;1073.9497848528752;operator
Q10_104_seed_845015193;19433;Hash;5;Inner;;0.015;0.016;0.011122619810567613;0.011231159573728888;pattern
Q10_104_seed_845015193;19426;Hash Join;4;Outer;;38.981;1087.371;42.81354208029053;1109.315980861504;operator
Q10_104_seed_845015193;19425;Gather;3;Outer;;43.12;1080.987;298.27664139008186;1060.4163792407335;operator
Q10_104_seed_845015193;19423;Sort;1;Outer;;1135.76;1136.554;1161.166419129325;1162.2723971812509;pattern
Q10_104_seed_845015193;19422;Limit;0;;;1135.761;1136.555;1965.3421040596345;1969.1906040596336;operator
Q10_110_seed_894239379;19520;Seq Scan;7;Outer;;0.228;161.681;0.20100691130391662;164.51749225248258;operator
Q10_110_seed_894239379;19521;Index Scan;7;Inner;;0.06;0.062;0.057001969510232564;0.05619942511981338;operator
Q10_110_seed_894239379;19519;Nested Loop;6;Outer;;0.381;1049.255;18.322198603835204;1085.9884840524192;operator
Q10_110_seed_894239379;19522;Hash;6;Inner;;37.794;37.794;19.650077118228687;23.176835456698306;pattern
Q10_110_seed_894239379;19518;Hash Join;5;Outer;;39.033;1098.154;36.61103372556086;1074.1223807630163;operator
Q10_110_seed_894239379;19524;Hash;5;Inner;;0.016;0.017;0.011122619810567613;0.011231159573728888;pattern
Q10_110_seed_894239379;19517;Hash Join;4;Outer;;39.111;1101.057;42.91551470433798;1109.4227524343567;operator
Q10_110_seed_894239379;19516;Gather;3;Outer;;43.157;1099.005;298.2893023981473;1060.415144111432;operator
Q10_110_seed_894239379;19514;Sort;1;Outer;;1152.976;1153.77;1161.2484473607378;1162.3549821484444;pattern
Q10_110_seed_894239379;19513;Limit;0;;;1152.977;1153.772;1965.36799649106;1969.2164964910592;operator
Q10_112_seed_910647441;19546;Seq Scan;7;Outer;;0.246;164.771;0.20102438863448624;164.52166973956943;operator
Q10_112_seed_910647441;19547;Index Scan;7;Inner;;0.061;0.063;0.05700196940252167;0.05619942511981338;operator
Q10_112_seed_910647441;19545;Nested Loop;6;Outer;;0.459;1054.307;18.32215434542472;1085.6138762126047;operator
Q10_112_seed_910647441;19548;Hash;6;Inner;;35.822;35.822;19.650077118228687;23.176835456698306;pattern
Q10_112_seed_910647441;19544;Hash Join;5;Outer;;37.209;1100.855;36.557142582254045;1074.0114479531035;operator
Q10_112_seed_910647441;19550;Hash;5;Inner;;0.014;0.014;0.011122619810567613;0.011231159573728888;pattern
Q10_112_seed_910647441;19543;Hash Join;4;Outer;;37.284;1103.687;42.84984717534705;1109.3544042948092;operator
Q10_112_seed_910647441;19542;Gather;3;Outer;;39.37;1090.742;298.2811351627348;1060.4159893790059;operator
Q10_112_seed_910647441;19540;Sort;1;Outer;;1144.654;1145.45;1161.1955570589048;1162.3017320452507;pattern
Q10_112_seed_910647441;19539;Limit;0;;;1144.655;1145.451;1965.3512864475479;1969.199786447547;operator
Q10_120_seed_976279689;19663;Seq Scan;7;Outer;;0.372;162.708;0.20106012812061053;164.5302367930335;operator
Q10_120_seed_976279689;19664;Index Scan;7;Inner;;0.06;0.062;0.057001969237393424;0.05619942511981338;operator
Q10_120_seed_976279689;19662;Nested Loop;6;Outer;;0.85;1046.275;18.321849633540836;1084.8528467313895;operator
Q10_120_seed_976279689;19665;Hash;6;Inner;;38.227;38.227;19.650077118228687;23.176835456698306;pattern
Q10_120_seed_976279689;19661;Hash Join;5;Outer;;39.538;1095.187;36.44660489287705;1073.781654917997;operator
Q10_120_seed_976279689;19667;Hash;5;Inner;;0.023;0.023;0.011122619810567613;0.011231159573728888;pattern
Q10_120_seed_976279689;19660;Hash Join;4;Outer;;39.635;1098.015;42.71504810852403;1109.2094136418223;operator
Q10_120_seed_976279689;19659;Gather;3;Outer;;44.879;1092.06;298.2645289300788;1060.4171537689285;operator
Q10_120_seed_976279689;19657;Sort;1;Outer;;1146.782;1147.588;1161.0868594265883;1162.1922957491277;pattern
Q10_120_seed_976279689;19656;Limit;0;;;1146.783;1147.59;1965.3171300070192;1969.1656300070183;operator
Q10_131_seed_1066524030;19819;Seq Scan;7;Outer;;0.277;164.695;0.20102035130288604;164.52070402810705;operator
Q10_131_seed_1066524030;19820;Index Scan;7;Inner;;0.058;0.061;0.05700196945607938;0.05619942511981338;operator
Q10_131_seed_1066524030;19818;Nested Loop;6;Outer;;0.589;1039.057;18.323098788268084;1085.7002711425146;operator
Q10_131_seed_1066524030;19821;Hash;6;Inner;;34.58;34.58;19.650077118228687;23.176835456698306;pattern
Q10_131_seed_1066524030;19817;Hash Join;5;Outer;;35.448;1084.194;36.5695714746591;1074.0401907854182;operator
Q10_131_seed_1066524030;19823;Hash;5;Inner;;0.015;0.016;0.011122619810567613;0.011231159573728888;pattern
Q10_131_seed_1066524030;19816;Hash Join;4;Outer;;35.517;1087.108;42.86498881673744;1109.371178430668;operator
Q10_131_seed_1066524030;19815;Gather;3;Outer;;37.922;1080.097;298.2829856940278;1060.4159179090395;operator
Q10_131_seed_1066524030;19813;Sort;1;Outer;;1135.837;1136.602;1161.207718501961;1162.3139768482008;pattern
Q10_131_seed_1066524030;19812;Limit;0;;;1135.838;1136.604;1965.355121754563;1969.2036217545622;operator
Q10_137_seed_1115748216;19897;Seq Scan;7;Outer;;0.29;162.762;0.20104350036620594;164.52624687297913;operator
Q10_137_seed_1115748216;19898;Index Scan;7;Inner;;0.059;0.062;0.05700196934774088;0.05619942511981338;operator
Q10_137_seed_1115748216;19896;Nested Loop;6;Outer;;0.608;1053.966;18.32171233599044;1085.206067615392;operator
Q10_137_seed_1115748216;19899;Hash;6;Inner;;30.006;30.006;19.650077118228687;23.176835456698306;pattern
Q10_137_seed_1115748216;19895;Hash Join;5;Outer;;30.748;1094.611;36.49806155095477;1073.8880242718717;operator
Q10_137_seed_1115748216;19901;Hash;5;Inner;;0.022;0.022;0.011122619810567613;0.011231159573728888;pattern
Q10_137_seed_1115748216;19894;Hash Join;4;Outer;;30.88;1097.522;42.77781607542832;1109.2774387945717;operator
Q10_137_seed_1115748216;19893;Gather;3;Outer;;33.567;1085.593;298.27224356085156;1060.416673858869;operator
Q10_137_seed_1115748216;19891;Sort;1;Outer;;1141.778;1142.547;1161.1375180860502;1162.2432984361822;pattern
Q10_137_seed_1115748216;19890;Limit;0;;;1141.779;1142.548;1965.3330177299858;1969.181517729985;operator
Q10_142_seed_1156768371;19975;Seq Scan;7;Outer;;0.163;158.893;0.20104936694927422;164.52765377294364;operator
Q10_142_seed_1156768371;19976;Index Scan;7;Inner;;0.062;0.065;0.05700196929215173;0.05619942511981338;operator
Q10_142_seed_1156768371;19974;Nested Loop;6;Outer;;0.292;1065.457;18.322366943762262;1085.081274961566;operator
Q10_142_seed_1156768371;19977;Hash;6;Inner;;37.277;37.277;19.650077118228687;23.176835456698306;pattern
Q10_142_seed_1156768371;19973;Hash Join;5;Outer;;38.437;1113.526;36.479929058018925;1073.8525545702364;operator
Q10_142_seed_1156768371;19979;Hash;5;Inner;;0.016;0.016;0.011122619810567613;0.011231159573728888;pattern
Q10_142_seed_1156768371;19972;Hash Join;4;Outer;;38.522;1116.33;42.755698273963375;1109.2541765594594;operator
Q10_142_seed_1156768371;19971;Gather;3;Outer;;40.296;1112.745;298.2695021691008;1060.4169291244855;operator
Q10_142_seed_1156768371;19969;Sort;1;Outer;;1165.853;1166.587;1161.1196309123463;1162.2252900227445;pattern
Q10_142_seed_1156768371;19968;Limit;0;;;1165.854;1166.588;1965.32740087381;1969.175900873809;operator
Q10_146_seed_1189584495;20027;Seq Scan;7;Outer;;0.108;162.038;0.20102035130288604;164.52070402810705;operator
Q10_146_seed_1189584495;20028;Index Scan;7;Inner;;0.059;0.062;0.05700196945607938;0.05619942511981338;operator
Q10_146_seed_1189584495;20026;Nested Loop;6;Outer;;0.889;1054.08;18.323098788268084;1085.7002711425146;operator
Q10_146_seed_1189584495;20029;Hash;6;Inner;;37.677;37.678;19.650077118228687;23.176835456698306;pattern
Q10_146_seed_1189584495;20025;Hash Join;5;Outer;;40.444;1103.919;36.5695714746591;1074.0401907854182;operator
Q10_146_seed_1189584495;20031;Hash;5;Inner;;0.016;0.016;0.011122619810567613;0.011231159573728888;pattern
Q10_146_seed_1189584495;20024;Hash Join;4;Outer;;40.55;1106.813;42.86498881673744;1109.371178430668;operator
Q10_146_seed_1189584495;20023;Gather;3;Outer;;43.305;1100.629;298.2829856940278;1060.4159179090395;operator
Q10_146_seed_1189584495;20021;Sort;1;Outer;;1157.058;1157.803;1161.207718501961;1162.3139768482008;pattern
Q10_146_seed_1189584495;20020;Limit;0;;;1157.059;1157.804;1965.355121754563;1969.2036217545622;operator
Q10_14_seed_106652403;20079;Seq Scan;7;Outer;;0.21;163.612;0.20103009083883966;164.52303439462003;operator
Q10_14_seed_106652403;20080;Index Scan;7;Inner;;0.06;0.063;0.05700196940252167;0.05619942511981338;operator
Q10_14_seed_106652403;20078;Nested Loop;6;Outer;;0.394;1054.703;18.32081171236183;1085.4920000520347;operator
Q10_14_seed_106652403;20081;Hash;6;Inner;;36.025;36.025;19.650077118228687;23.176835456698306;pattern
Q10_14_seed_106652403;20077;Hash Join;5;Outer;;37.296;1101.905;36.539443611901376;1073.9707389054406;operator
Q10_14_seed_106652403;20083;Hash;5;Inner;;0.016;0.016;0.011122619810567613;0.011231159573728888;pattern
Q10_14_seed_106652403;20076;Hash Join;4;Outer;;37.398;1104.808;42.828269742219504;1109.3304623998533;operator
Q10_14_seed_106652403;20075;Gather;3;Outer;;41.528;1101.715;298.27849957908666;1060.4160865860413;operator
Q10_14_seed_106652403;20073;Sort;1;Outer;;1156.791;1157.541;1161.178277629879;1162.2843348421789;pattern
Q10_14_seed_106652403;20072;Limit;0;;;1156.791;1157.542;1965.3458410964395;1969.1943410964386;operator
Q10_16_seed_123060465;20118;Seq Scan;7;Outer;;0.217;165.897;0.20106423709524968;164.53122387039792;operator
Q10_16_seed_123060465;20119;Index Scan;7;Inner;;0.06;0.062;0.057001969237393424;0.05619942511981338;operator
Q10_16_seed_123060465;20117;Nested Loop;6;Outer;;0.464;1050.081;18.320856314631456;1084.7657906038407;operator
Q10_16_seed_123060465;20120;Hash;6;Inner;;36.485;36.485;19.650077118228687;23.176835456698306;pattern
Q10_16_seed_123060465;20116;Hash Join;5;Outer;;38.357;1097.206;36.4339333152642;1073.7519201697673;operator
Q10_16_seed_123060465;20122;Hash;5;Inner;;0.015;0.015;0.011122619810567613;0.011231159573728888;pattern
Q10_16_seed_123060465;20115;Hash Join;4;Outer;;38.453;1099.739;42.699595227677506;1109.1914720237219;operator
Q10_16_seed_123060465;20114;Gather;3;Outer;;39.561;1089.724;298.262668297181;1060.41712657745;operator
Q10_16_seed_123060465;20112;Sort;1;Outer;;1140.317;1141.085;1161.074380041145;1162.1797305248617;pattern
Q10_16_seed_123060465;20111;Limit;0;;;1140.318;1141.087;1965.313227375923;1969.161727375922;operator
Q10_18_seed_139468527;20144;Seq Scan;7;Outer;;0.134;161.526;0.20101200828216664;164.51870974046162;operator
Q10_18_seed_139468527;20145;Index Scan;7;Inner;;0.059;0.062;0.05700196945607938;0.05619942511981338;operator
Q10_18_seed_139468527;20143;Nested Loop;6;Outer;;0.336;1044.552;18.323024210980037;1085.8790723376696;operator
Q10_18_seed_139468527;20146;Hash;6;Inner;;38.688;38.688;19.650077118228687;23.176835456698306;pattern
Q10_18_seed_139468527;20142;Hash Join;5;Outer;;41.661;1096.293;36.59541831790045;1074.0928595494902;operator
Q10_18_seed_139468527;20148;Hash;5;Inner;;0.016;0.017;0.011122619810567613;0.011231159573728888;pattern
Q10_18_seed_139468527;20141;Hash Join;4;Outer;;41.758;1099.196;42.896493342226236;1109.4038231808129;operator
Q10_18_seed_139468527;20140;Gather;3;Outer;;41.552;1096.493;298.28690861622;1060.4154946443407;operator
Q10_18_seed_139468527;20138;Sort;1;Outer;;1153.066;1153.845;1161.2330486631386;1162.3394786874392;pattern
Q10_18_seed_139468527;20137;Limit;0;;;1153.067;1153.846;1965.363124679872;1969.2116246798712;operator
Q10_28_seed_221508837;20287;Seq Scan;7;Outer;;0.07;163.706;0.20102035130288604;164.52070402810705;operator
Q10_28_seed_221508837;20288;Index Scan;7;Inner;;0.06;0.063;0.05700196945607938;0.05619942511981338;operator
Q10_28_seed_221508837;20286;Nested Loop;6;Outer;;0.835;1069.944;18.323098788268084;1085.7002711425146;operator
Q10_28_seed_221508837;20289;Hash;6;Inner;;35.515;35.515;19.650077118228687;23.176835456698306;pattern
Q10_28_seed_221508837;20285;Hash Join;5;Outer;;38.29;1117.278;36.5695714746591;1074.0401907854182;operator
Q10_28_seed_221508837;20291;Hash;5;Inner;;0.013;0.014;0.011122619810567613;0.011231159573728888;pattern
Q10_28_seed_221508837;20284;Hash Join;4;Outer;;38.364;1120.186;42.86498881673744;1109.371178430668;operator
Q10_28_seed_221508837;20283;Gather;3;Outer;;40.356;1107.529;298.2829856940278;1060.4159179090395;operator
Q10_28_seed_221508837;20281;Sort;1;Outer;;1163.817;1164.66;1161.207718501961;1162.3139768482008;pattern
Q10_28_seed_221508837;20280;Limit;0;;;1163.818;1164.661;1965.355121754563;1969.2036217545622;operator
Q10_37_seed_295345116;20417;Seq Scan;7;Outer;;0.082;160.165;0.20096101273192507;164.506558468888;operator
Q10_37_seed_295345116;20418;Index Scan;7;Inner;;0.061;0.063;0.05700196972905075;0.05619942511981338;operator
Q10_37_seed_295345116;20416;Nested Loop;6;Outer;;0.977;1070.354;18.322766492896477;1086.9796737829092;operator
Q10_37_seed_295345116;20419;Hash;6;Inner;;35.768;35.769;19.650077118228687;23.176835456698306;pattern
Q10_37_seed_295345116;20415;Hash Join;5;Outer;;38.188;1117.831;36.75292219963613;1074.4118412822736;operator
Q10_37_seed_295345116;20421;Hash;5;Inner;;0.019;0.019;0.011122619810567613;0.011231159573728888;pattern
Q10_37_seed_295345116;20414;Hash Join;4;Outer;;38.271;1120.777;43.08831838966837;1109.5956626588586;operator
Q10_37_seed_295345116;20413;Gather;3;Outer;;42.239;1111.035;298.3110298927602;1060.4120740870687;operator
Q10_37_seed_295345116;20411;Sort;1;Outer;;1169.409;1170.195;1161.387050170587;1162.4945253410822;pattern
Q10_37_seed_295345116;20410;Limit;0;;;1169.41;1170.197;1965.4120708014498;1969.260570801449;operator
Q10_3_seed_16408062;20456;Seq Scan;7;Outer;;0.357;163.479;0.20101200828216664;164.51870974046162;operator
Q10_3_seed_16408062;20457;Index Scan;7;Inner;;0.06;0.063;0.05700196945607938;0.05619942511981338;operator
Q10_3_seed_16408062;20455;Nested Loop;6;Outer;;0.623;1061.661;18.323024210980037;1085.8790723376696;operator
Q10_3_seed_16408062;20458;Hash;6;Inner;;34.633;34.634;19.650077118228687;23.176835456698306;pattern
Q10_3_seed_16408062;20454;Hash Join;5;Outer;;35.42;1106.684;36.59541831790045;1074.0928595494902;operator
Q10_3_seed_16408062;20460;Hash;5;Inner;;0.015;0.016;0.011122619810567613;0.011231159573728888;pattern
Q10_3_seed_16408062;20453;Hash Join;4;Outer;;35.493;1109.594;42.896493342226236;1109.4038231808129;operator
Q10_3_seed_16408062;20452;Gather;3;Outer;;37.345;1100.676;298.28690861622;1060.4154946443407;operator
Q10_3_seed_16408062;20450;Sort;1;Outer;;1157.114;1157.937;1161.2330486631386;1162.3394786874392;pattern
Q10_3_seed_16408062;20449;Limit;0;;;1157.115;1157.938;1965.363124679872;1969.2116246798712;operator
Q10_40_seed_319957209;20469;Seq Scan;7;Outer;;0.174;160.204;0.20099829340477648;164.51543525038343;operator
Q10_40_seed_319957209;20470;Index Scan;7;Inner;;0.058;0.06;0.05700196956504927;0.05619942511981338;operator
Q10_40_seed_319957209;20468;Nested Loop;6;Outer;;0.68;1025.079;18.32218970416605;1086.1737792182425;operator
Q10_40_seed_319957209;20471;Hash;6;Inner;;38.444;38.444;19.650077118228687;23.176835456698306;pattern
Q10_40_seed_319957209;20467;Hash Join;5;Outer;;40.31;1074.787;36.63763003007078;1074.1767227765952;operator
Q10_40_seed_319957209;20473;Hash;5;Inner;;0.019;0.019;0.011122619810567613;0.011231159573728888;pattern
Q10_40_seed_319957209;20466;Hash Join;4;Outer;;40.457;1077.727;42.947914720282654;1109.4558814663592;operator
Q10_40_seed_319957209;20465;Gather;3;Outer;;43.082;1072.249;298.2933520914585;1060.4146548096533;operator
Q10_40_seed_319957209;20463;Sort;1;Outer;;1127.378;1128.173;1161.27450823556;1162.3812201587539;pattern
Q10_40_seed_319957209;20462;Limit;0;;;1127.38;1128.175;1965.3762519677089;1969.224751967708;operator
Q10_45_seed_360977364;20534;Seq Scan;7;Outer;;0.206;161.726;0.2010339489830918;164.5239582028482;operator
Q10_45_seed_360977364;20535;Index Scan;7;Inner;;0.061;0.063;0.05700196940252167;0.05619942511981338;operator
Q10_45_seed_360977364;20533;Nested Loop;6;Outer;;0.39;1039.408;18.321934791927944;1085.409634960837;operator
Q10_45_seed_360977364;20536;Hash;6;Inner;;35.334;35.335;19.650077118228687;23.176835456698306;pattern
Q10_45_seed_360977364;20532;Hash Join;5;Outer;;37.025;1086.142;36.52737642679156;1073.9497848528752;operator
Q10_45_seed_360977364;20538;Hash;5;Inner;;0.016;0.016;0.011122619810567613;0.011231159573728888;pattern
Q10_45_seed_360977364;20531;Hash Join;4;Outer;;37.122;1089.026;42.81354208029053;1109.315980861504;operator
Q10_45_seed_360977364;20530;Gather;3;Outer;;38.476;1084.612;298.27664139008186;1060.4163792407335;operator
Q10_45_seed_360977364;20528;Sort;1;Outer;;1138.778;1139.58;1161.166419129325;1162.2723971812509;pattern
Q10_45_seed_360977364;20527;Limit;0;;;1138.779;1139.581;1965.3421040596345;1969.1906040596336;operator
Q10_48_seed_385589457;20573;Seq Scan;7;Outer;;0.394;164.402;0.20103701691907672;164.52469307437633;operator
Q10_48_seed_385589457;20574;Index Scan;7;Inner;;0.061;0.063;0.05700196934774088;0.05619942511981338;operator
Q10_48_seed_385589457;20572;Nested Loop;6;Outer;;0.705;1061.187;18.323249724676998;1085.344195689638;operator
Q10_48_seed_385589457;20575;Hash;6;Inner;;35.696;35.696;19.650077118228687;23.176835456698306;pattern
Q10_48_seed_385589457;20571;Hash Join;5;Outer;;36.553;1107.051;36.517990854473766;1073.9345101452502;operator
Q10_48_seed_385589457;20577;Hash;5;Inner;;0.02;0.02;0.011122619810567613;0.011231159573728888;pattern
Q10_48_seed_385589457;20570;Hash Join;4;Outer;;36.685;1109.955;42.80210104998828;1109.304955077337;operator
Q10_48_seed_385589457;20569;Gather;3;Outer;;38.78;1106.808;298.27519080877505;1060.4166338439;operator
Q10_48_seed_385589457;20567;Sort;1;Outer;;1161.329;1162.111;1161.1570802016768;1162.2629950033263;pattern
Q10_48_seed_385589457;20566;Limit;0;;;1161.331;1162.112;1965.3391642842907;1969.18766428429;operator
Q10_63_seed_508649922;20794;Seq Scan;7;Outer;;0.082;165.324;0.20103701691907672;164.52469307437633;operator
Q10_63_seed_508649922;20795;Index Scan;7;Inner;;0.06;0.063;0.05700196934774088;0.05619942511981338;operator
Q10_63_seed_508649922;20793;Nested Loop;6;Outer;;0.345;1058.288;18.323249724676998;1085.344195689638;operator
Q10_63_seed_508649922;20796;Hash;6;Inner;;36.369;36.37;19.650077118228687;23.176835456698306;pattern
Q10_63_seed_508649922;20792;Hash Join;5;Outer;;39.182;1107.252;36.517990854473766;1073.9345101452502;operator
Q10_63_seed_508649922;20798;Hash;5;Inner;;0.013;0.014;0.011122619810567613;0.011231159573728888;pattern
Q10_63_seed_508649922;20791;Hash Join;4;Outer;;39.273;1110.185;42.80210104998828;1109.304955077337;operator
Q10_63_seed_508649922;20790;Gather;3;Outer;;41.13;1101.183;298.27519080877505;1060.4166338439;operator
Q10_63_seed_508649922;20788;Sort;1;Outer;;1158.479;1159.297;1161.1570802016768;1162.2629950033263;pattern
Q10_63_seed_508649922;20787;Limit;0;;;1158.48;1159.299;1965.3391642842907;1969.18766428429;operator
Q10_65_seed_525057984;20820;Seq Scan;7;Outer;;0.405;162.084;0.20100691130391662;164.51749225248258;operator
Q10_65_seed_525057984;20821;Index Scan;7;Inner;;0.059;0.062;0.057001969510232564;0.05619942511981338;operator
Q10_65_seed_525057984;20819;Nested Loop;6;Outer;;1.052;1049.356;18.322198603835204;1085.9884840524192;operator
Q10_65_seed_525057984;20822;Hash;6;Inner;;35.037;35.038;19.650077118228687;23.176835456698306;pattern
Q10_65_seed_525057984;20818;Hash Join;5;Outer;;36.394;1094.963;36.61103372556086;1074.1223807630163;operator
Q10_65_seed_525057984;20824;Hash;5;Inner;;0.015;0.015;0.011122619810567613;0.011231159573728888;pattern
Q10_65_seed_525057984;20817;Hash Join;4;Outer;;36.469;1097.889;42.91551470433798;1109.4227524343567;operator
Q10_65_seed_525057984;20816;Gather;3;Outer;;37.958;1092.514;298.2893023981473;1060.415144111432;operator
Q10_65_seed_525057984;20814;Sort;1;Outer;;1147.806;1148.595;1161.2484473607378;1162.3549821484444;pattern
Q10_65_seed_525057984;20813;Limit;0;;;1147.807;1148.597;1965.36799649106;1969.2164964910592;operator
Q10_67_seed_541466046;20846;Seq Scan;7;Outer;;0.59;163.992;0.20103876960933775;164.5251130105397;operator
Q10_67_seed_541466046;20847;Index Scan;7;Inner;;0.06;0.063;0.05700196934774088;0.05619942511981338;operator
Q10_67_seed_541466046;20845;Nested Loop;6;Outer;;1.952;1044.544;18.32283544640096;1085.3068330545314;operator
Q10_67_seed_541466046;20848;Hash;6;Inner;;36.181;36.183;19.650077118228687;23.176835456698306;pattern
Q10_67_seed_541466046;20844;Hash Join;5;Outer;;38.772;1092.349;36.51252133757271;1073.9219440508784;operator
Q10_67_seed_541466046;20850;Hash;5;Inner;;0.017;0.017;0.011122619810567613;0.011231159573728888;pattern
Q10_67_seed_541466046;20843;Hash Join;4;Outer;;38.922;1095.355;42.79542832820076;1109.2974782190668;operator
Q10_67_seed_541466046;20842;Gather;3;Outer;;38.79;1088.672;298.27437828196105;1060.4166550261486;operator
Q10_67_seed_541466046;20840;Sort;1;Outer;;1144.106;1144.888;1161.1517532770376;1162.2576320103506;pattern
Q10_67_seed_541466046;20839;Limit;0;;;1144.108;1144.89;1965.337489112761;1969.1859891127601;operator
Q10_81_seed_656322480;21054;Seq Scan;7;Outer;;0.168;160.653;0.20096101273192507;164.506558468888;operator
Q10_81_seed_656322480;21055;Index Scan;7;Inner;;0.06;0.062;0.05700196972905075;0.05619942511981338;operator
Q10_81_seed_656322480;21053;Nested Loop;6;Outer;;1.064;1059.351;18.322766492896477;1086.9796737829092;operator
Q10_81_seed_656322480;21056;Hash;6;Inner;;31.793;31.793;19.650077118228687;23.176835456698306;pattern
Q10_81_seed_656322480;21052;Hash Join;5;Outer;;34.317;1102.716;36.75292219963613;1074.4118412822736;operator
Q10_81_seed_656322480;21058;Hash;5;Inner;;0.018;0.018;0.011122619810567613;0.011231159573728888;pattern
Q10_81_seed_656322480;21051;Hash Join;4;Outer;;34.404;1105.619;43.08831838966837;1109.5956626588586;operator
Q10_81_seed_656322480;21050;Gather;3;Outer;;37.0;1096.351;298.3110298927602;1060.4120740870687;operator
Q10_81_seed_656322480;21048;Sort;1;Outer;;1152.102;1152.877;1161.387050170587;1162.4945253410822;pattern
Q10_81_seed_656322480;21047;Limit;0;;;1152.103;1152.879;1965.4120708014498;1969.260570801449;operator
Q10_86_seed_697342635;21119;Seq Scan;7;Outer;;0.226;162.921;0.20100541688057222;164.51713541362196;operator
Q10_86_seed_697342635;21120;Index Scan;7;Inner;;0.06;0.063;0.057001969510232564;0.05619942511981338;operator
Q10_86_seed_697342635;21118;Nested Loop;6;Outer;;0.625;1059.648;18.322544308511297;1086.020588670453;operator
Q10_86_seed_697342635;21121;Hash;6;Inner;;33.27;33.27;19.650077118228687;23.176835456698306;pattern
Q10_86_seed_697342635;21117;Hash Join;5;Outer;;34.531;1103.927;36.61575604618304;1074.1329669644047;operator
Q10_86_seed_697342635;21123;Hash;5;Inner;;0.017;0.017;0.011122619810567613;0.011231159573728888;pattern
Q10_86_seed_697342635;21116;Hash Join;4;Outer;;34.608;1106.903;42.92127529743934;1109.4289200607245;operator
Q10_86_seed_697342635;21115;Gather;3;Outer;;36.325;1096.002;298.2900135050715;1060.4150908716897;operator
Q10_86_seed_697342635;21113;Sort;1;Outer;;1151.021;1151.788;1161.253020235357;1162.3595857865516;pattern
Q10_86_seed_697342635;21112;Limit;0;;;1151.022;1151.789;1965.3694443169704;1969.2179443169696;operator
Q10_88_seed_713750697;21145;Seq Scan;7;Outer;;0.253;161.815;0.20103009083883966;164.52303439462003;operator
Q10_88_seed_713750697;21146;Index Scan;7;Inner;;0.06;0.063;0.05700196940252167;0.05619942511981338;operator
Q10_88_seed_713750697;21144;Nested Loop;6;Outer;;0.493;1053.098;18.32081171236183;1085.4920000520347;operator
Q10_88_seed_713750697;21147;Hash;6;Inner;;35.861;35.861;19.650077118228687;23.176835456698306;pattern
Q10_88_seed_713750697;21143;Hash Join;5;Outer;;36.512;1099.299;36.539443611901376;1073.9707389054406;operator
Q10_88_seed_713750697;21149;Hash;5;Inner;;0.014;0.014;0.011122619810567613;0.011231159573728888;pattern
Q10_88_seed_713750697;21142;Hash Join;4;Outer;;36.589;1102.142;42.828269742219504;1109.3304623998533;operator
Q10_88_seed_713750697;21141;Gather;3;Outer;;38.736;1099.097;298.27849957908666;1060.4160865860413;operator
Q10_88_seed_713750697;21139;Sort;1;Outer;;1153.522;1154.28;1161.178277629879;1162.2843348421789;pattern
Q10_88_seed_713750697;21138;Limit;0;;;1153.523;1154.282;1965.3458410964395;1969.1943410964386;operator
Q12_100_seed_812199069;24325;Seq Scan;5;Outer;;9.427;842.573;4.770631556740133;718.329651809891;operator
Q12_100_seed_812199069;24326;Index Scan;5;Inner;;0.026;0.026;0.025715844110664743;0.061214898948243;operator
Q12_100_seed_812199069;24324;Nested Loop;4;Outer;;9.951;976.107;30.888262729375754;1099.7110330953424;operator
Q12_100_seed_812199069;24323;Sort;3;Outer;;977.404;977.509;1042.6580248448222;1043.7533615214772;operator
Q12_100_seed_812199069;24322;Aggregate;2;Outer;;978.007;978.369;1044.247903632012;1054.1241539959224;operator
Q12_100_seed_812199069;24321;Gather Merge;1;Outer;;992.67;1000.704;1061.7877113285176;1115.1319495052387;operator
Q12_100_seed_812199069;24320;Aggregate;0;;;993.097;1000.719;1067.1639465904132;1085.5500085820572;operator
Q12_104_seed_845015193;24353;Seq Scan;5;Outer;;11.043;844.94;4.77062690579822;718.3296396505136;operator
Q12_104_seed_845015193;24354;Index Scan;5;Inner;;0.026;0.026;0.025715844110664743;0.061214898948243;operator
Q12_104_seed_845015193;24352;Nested Loop;4;Outer;;11.18;983.833;30.88826216284299;1099.7092816303511;operator
Q12_104_seed_845015193;24351;Sort;3;Outer;;984.702;984.81;1042.6578783698487;1043.7532150192978;operator
Q12_104_seed_845015193;24350;Aggregate;2;Outer;;985.131;985.49;1044.2478356968522;1054.1240691905273;operator
Q12_104_seed_845015193;24349;Gather Merge;1;Outer;;1000.145;1006.895;1061.7877054498585;1115.1319406920013;operator
Q12_104_seed_845015193;24348;Aggregate;0;;;1000.588;1006.917;1067.1639431296294;1085.550003998976;operator
Q12_110_seed_894239379;24402;Seq Scan;5;Outer;;11.046;827.126;4.7706191542166465;718.329619383785;operator
Q12_110_seed_894239379;24403;Index Scan;5;Inner;;0.026;0.026;0.025715844110664743;0.061214898948243;operator
Q12_110_seed_894239379;24401;Nested Loop;4;Outer;;11.194;965.217;30.88826121857845;1099.7063637293948;operator
Q12_110_seed_894239379;24400;Sort;3;Outer;;966.107;966.207;1042.6576343461668;1043.7529709502903;operator
Q12_110_seed_894239379;24399;Aggregate;2;Outer;;966.472;966.82;1044.247722518553;1054.123927906844;operator
Q12_110_seed_894239379;24398;Gather Merge;1;Outer;;983.698;986.511;1061.787695656161;1115.1319260093699;operator
Q12_110_seed_894239379;24397;Aggregate;0;;;984.055;986.532;1067.1639373640492;1085.5499963636785;operator
Q12_112_seed_910647441;24416;Seq Scan;5;Outer;;9.541;854.02;4.770693569060539;718.3298138877228;operator
Q12_112_seed_910647441;24417;Index Scan;5;Inner;;0.026;0.026;0.025715844110664743;0.061214898948243;operator
Q12_112_seed_910647441;24415;Nested Loop;4;Outer;;10.068;992.729;30.888270281259864;1099.7344378654889;operator
Q12_112_seed_910647441;24414;Sort;3;Outer;;993.641;993.742;1042.6599821981972;1043.755319238392;operator
Q12_112_seed_910647441;24413;Aggregate;2;Outer;;994.048;994.39;1044.2488114533255;1054.1252872556058;operator
Q12_112_seed_910647441;24412;Gather Merge;1;Outer;;1006.906;1012.982;1061.7877898854783;1115.132067277214;operator
Q12_112_seed_910647441;24411;Aggregate;0;;;1007.311;1013.004;1067.163992837143;1085.550069826129;operator
Q12_120_seed_976279689;24479;Seq Scan;5;Outer;;9.577;824.124;4.770661012654756;718.3297288078206;operator
Q12_120_seed_976279689;24480;Index Scan;5;Inner;;0.027;0.027;0.025715844110664743;0.061214898948243;operator
Q12_120_seed_976279689;24478;Nested Loop;4;Outer;;10.396;963.259;30.88826631695781;1099.722138322121;operator
Q12_120_seed_976279689;24477;Sort;3;Outer;;964.1;964.201;1042.6589535778191;1043.7542904269726;operator
Q12_120_seed_976279689;24476;Aggregate;2;Outer;;964.468;964.818;1044.2483343787835;1054.1246917095032;operator
Q12_120_seed_976279689;24475;Gather Merge;1;Outer;;978.123;984.067;1061.7877486025188;1115.1320053861225;operator
Q12_120_seed_976279689;24474;Aggregate;0;;;978.479;984.086;1067.1639685337336;1085.550037641373;operator
Q12_131_seed_1066524030;24563;Seq Scan;5;Outer;;10.024;843.775;4.7706532611077295;718.3297085471279;operator
Q12_131_seed_1066524030;24564;Index Scan;5;Inner;;0.026;0.026;0.025715844110664743;0.061214898948243;operator
Q12_131_seed_1066524030;24562;Nested Loop;4;Outer;;10.531;979.152;30.888265372933773;1099.7192137816212;operator
Q12_131_seed_1066524030;24561;Sort;3;Outer;;980.004;980.109;1042.6587089972086;1043.7540458009357;operator
Q12_131_seed_1066524030;24560;Aggregate;2;Outer;;980.399;980.766;1044.248220942193;1054.1245501033256;operator
Q12_131_seed_1066524030;24559;Gather Merge;1;Outer;;992.998;999.545;1061.787738786455;1115.1319906699578;operator
Q12_131_seed_1066524030;24558;Aggregate;0;;;993.41;999.56;1067.1639627549864;1085.550029988636;operator
Q12_137_seed_1115748216;24605;Seq Scan;5;Outer;;10.135;838.873;4.7706222548486465;718.3296274906411;operator
Q12_137_seed_1115748216;24606;Index Scan;5;Inner;;0.027;0.027;0.025715844110664743;0.061214898948243;operator
Q12_137_seed_1115748216;24604;Nested Loop;4;Outer;;10.678;982.253;30.888261596290903;1099.707530708667;operator
Q12_137_seed_1115748216;24603;Sort;3;Outer;;983.117;983.222;1042.6577319404482;1043.753068562699;operator
Q12_137_seed_1115748216;24602;Aggregate;2;Outer;;983.49;983.955;1044.2477677828274;1054.1239844115212;operator
Q12_137_seed_1115748216;24601;Gather Merge;1;Outer;;998.637;1002.866;1061.7876995730296;1115.131931881508;operator
Q12_137_seed_1115748216;24600;Aggregate;0;;;999.021;1002.886;1067.1639396699218;1085.549999417322;operator
Q12_142_seed_1156768371;24647;Seq Scan;5;Outer;;9.977;862.537;4.770664113269118;718.3297369117117;operator
Q12_142_seed_1156768371;24648;Index Scan;5;Inner;;0.027;0.027;0.025715844110664743;0.061214898948243;operator
Q12_142_seed_1156768371;24646;Nested Loop;4;Outer;;10.579;1002.563;30.888266694551646;1099.7233085607545;operator
Q12_142_seed_1156768371;24645;Sort;3;Outer;;1003.361;1003.464;1042.6590514454983;1043.7543883128287;operator
Q12_142_seed_1156768371;24644;Aggregate;2;Outer;;1003.943;1004.3;1044.248379769855;1054.1247483724935;operator
Q12_142_seed_1156768371;24643;Gather Merge;1;Outer;;1018.393;1022.779;1061.787752530367;1115.132011274722;operator
Q12_142_seed_1156768371;24642;Aggregate;0;;;1018.778;1022.796;1067.1639708460705;1085.550040703576;operator
Q12_146_seed_1189584495;24675;Seq Scan;5;Outer;;9.423;844.142;4.7706222548486465;718.3296274906411;operator
Q12_146_seed_1189584495;24676;Index Scan;5;Inner;;0.026;0.026;0.025715844110664743;0.061214898948243;operator
Q12_146_seed_1189584495;24674;Nested Loop;4;Outer;;10.019;982.032;30.888261596290903;1099.707530708667;operator
Q12_146_seed_1189584495;24673;Sort;3;Outer;;983.024;983.127;1042.6577319404482;1043.753068562699;operator
Q12_146_seed_1189584495;24672;Aggregate;2;Outer;;983.412;983.766;1044.2477677828274;1054.1239844115212;operator
Q12_146_seed_1189584495;24671;Gather Merge;1;Outer;;998.493;1003.631;1061.7876995730296;1115.131931881508;operator
Q12_146_seed_1189584495;24670;Aggregate;0;;;998.873;1003.651;1067.1639396699218;1085.549999417322;operator
Q12_14_seed_106652403;24703;Seq Scan;5;Outer;;9.627;825.817;4.770597449755009;718.3295626296388;operator
Q12_14_seed_106652403;24704;Index Scan;5;Inner;;0.026;0.026;0.025715844110664743;0.061214898948243;operator
Q12_14_seed_106652403;24702;Nested Loop;4;Outer;;10.35;961.251;30.888258574346125;1099.6982016366014;operator
Q12_14_seed_106652403;24701;Sort;3;Outer;;962.153;962.257;1042.6569517533972;1043.7522882307312;operator
Q12_14_seed_106652403;24700;Aggregate;2;Outer;;962.525;962.884;1044.2474059316921;1054.1235327025543;operator
Q12_14_seed_106652403;24699;Gather Merge;1;Outer;;976.13;982.883;1061.787668260856;1115.1318849385566;operator
Q12_14_seed_106652403;24698;Aggregate;0;;;976.653;982.904;1067.1639212363498;1085.5499750059316;operator
Q12_16_seed_123060465;24724;Seq Scan;5;Outer;;9.947;839.401;4.770532336007902;718.3293923026181;operator
Q12_16_seed_123060465;24725;Index Scan;5;Inner;;0.025;0.025;0.025715844110664743;0.061214898948243;operator
Q12_16_seed_123060465;24723;Nested Loop;4;Outer;;10.563;972.733;30.888250639073036;1099.6737863818503;operator
Q12_16_seed_123060465;24722;Sort;3;Outer;;973.54;973.638;1042.654909932371;1043.7502460304177;operator
Q12_16_seed_123060465;24721;Aggregate;2;Outer;;973.917;974.257;1044.246458933984;1054.1223505393073;operator
Q12_16_seed_123060465;24720;Gather Merge;1;Outer;;991.572;994.742;1061.7875863141792;1115.131762084806;operator
Q12_16_seed_123060465;24719;Aggregate;0;;;991.943;994.759;1067.1638729940964;1085.5499111192155;operator
Q12_18_seed_139468527;24738;Seq Scan;5;Outer;;11.408;825.973;4.770693569060539;718.3298138877228;operator
Q12_18_seed_139468527;24739;Index Scan;5;Inner;;0.027;0.027;0.025715844110664743;0.061214898948243;operator
Q12_18_seed_139468527;24737;Nested Loop;4;Outer;;11.839;970.158;30.888270281259864;1099.7344378654889;operator
Q12_18_seed_139468527;24736;Sort;3;Outer;;970.95;971.056;1042.6599821981972;1043.755319238392;operator
Q12_18_seed_139468527;24735;Aggregate;2;Outer;;971.324;971.663;1044.2488114533255;1054.1252872556058;operator
Q12_18_seed_139468527;24734;Gather Merge;1;Outer;;985.022;991.332;1061.7877898854783;1115.132067277214;operator
Q12_18_seed_139468527;24733;Aggregate;0;;;985.543;991.35;1067.163992837143;1085.550069826129;operator
Q12_28_seed_221508837;24815;Seq Scan;5;Outer;;9.804;838.216;4.770637757994181;718.3296680216288;operator
Q12_28_seed_221508837;24816;Index Scan;5;Inner;;0.026;0.026;0.025715844110664743;0.061214898948243;operator
Q12_28_seed_221508837;24814;Nested Loop;4;Outer;;10.435;974.782;30.88826348472182;1099.7133692270993;operator
Q12_28_seed_221508837;24813;Sort;3;Outer;;975.66;975.765;1042.6582202156735;1043.7535569286165;operator
Q12_28_seed_221508837;24812;Aggregate;2;Outer;;976.075;976.441;1044.2479942451014;1054.124267110831;operator
Q12_28_seed_221508837;24811;Gather Merge;1;Outer;;989.902;996.89;1061.787719169576;1115.1319612604902;operator
Q12_28_seed_221508837;24810;Aggregate;0;;;990.272;996.905;1067.1639512064696;1085.5500146950521;operator
Q12_37_seed_295345116;24885;Seq Scan;5;Outer;;9.808;831.595;4.770633107054819;718.3296558629138;operator
Q12_37_seed_295345116;24886;Index Scan;5;Inner;;0.025;0.025;0.025715844110664743;0.061214898948243;operator
Q12_37_seed_295345116;24884;Nested Loop;4;Outer;;10.265;963.477;30.888262918215787;1099.7116170377374;operator
Q12_37_seed_295345116;24883;Sort;3;Outer;;964.343;964.448;1042.6580736799403;1043.753410365666;operator
Q12_37_seed_295345116;24882;Aggregate;2;Outer;;964.72;965.122;1044.247926281762;1054.1241822702516;operator
Q12_37_seed_295345116;24881;Gather Merge;1;Outer;;980.707;984.235;1061.787713288477;1115.1319524435944;operator
Q12_37_seed_295345116;24880;Aggregate;0;;;981.428;984.277;1067.1639477442484;1085.5500101100686;operator
Q12_3_seed_16408062;24906;Seq Scan;5;Outer;;8.974;852.568;4.770637757994181;718.3296680216288;operator
Q12_3_seed_16408062;24907;Index Scan;5;Inner;;0.026;0.026;0.025715844110664743;0.061214898948243;operator
Q12_3_seed_16408062;24905;Nested Loop;4;Outer;;9.506;991.979;30.88826348472182;1099.7133692270993;operator
Q12_3_seed_16408062;24904;Sort;3;Outer;;992.767;992.865;1042.6582202156735;1043.7535569286165;operator
Q12_3_seed_16408062;24903;Aggregate;2;Outer;;993.121;993.453;1044.2479942451014;1054.124267110831;operator
Q12_3_seed_16408062;24902;Gather Merge;1;Outer;;1006.771;1011.513;1061.787719169576;1115.1319612604902;operator
Q12_3_seed_16408062;24901;Aggregate;0;;;1007.137;1011.531;1067.1639512064696;1085.5500146950521;operator
Q12_40_seed_319957209;24913;Seq Scan;5;Outer;;9.697;843.474;4.770668764194115;718.3297490671312;operator
Q12_40_seed_319957209;24914;Index Scan;5;Inner;;0.026;0.026;0.025715844110664743;0.061214898948243;operator
Q12_40_seed_319957209;24912;Nested Loop;4;Outer;;10.17;979.601;30.888267260926668;1099.7250643712875;operator
Q12_40_seed_319957209;24911;Sort;3;Outer;;980.474;980.581;1042.6591982849795;1043.7545351795825;operator
Q12_40_seed_319957209;24910;Aggregate;2;Outer;;980.982;981.33;1044.248447874067;1054.1248333889616;operator
Q12_40_seed_319957209;24909;Gather Merge;1;Outer;;995.104;1000.603;1061.7877584236642;1115.1320201099068;operator
Q12_40_seed_319957209;24908;Aggregate;0;;;995.464;1000.618;1067.1639743154733;1085.5500452980705;operator
Q12_45_seed_360977364;24948;Seq Scan;5;Outer;;10.528;827.752;4.77062070453316;718.3296234372428;operator
Q12_45_seed_360977364;24949;Index Scan;5;Inner;;0.027;0.027;0.025715844110664743;0.061214898948243;operator
Q12_45_seed_360977364;24947;Nested Loop;4;Outer;;11.014;968.25;30.88826140743585;1099.7069471888453;operator
Q12_45_seed_360977364;24946;Sort;3;Outer;;969.304;969.414;1042.6576831407751;1043.7530197539618;operator
Q12_45_seed_360977364;24945;Aggregate;2;Outer;;969.686;970.029;1044.2477451495151;1054.1239561577163;operator
Q12_45_seed_360977364;24944;Gather Merge;1;Outer;;982.282;989.985;1061.7876976144935;1115.1319289452863;operator
Q12_45_seed_360977364;24943;Aggregate;0;;;982.704;989.997;1067.163938516926;1085.5499978904202;operator
Q12_48_seed_385589457;24969;Seq Scan;5;Outer;;9.733;830.433;4.77062690579822;718.3296396505136;operator
Q12_48_seed_385589457;24970;Index Scan;5;Inner;;0.026;0.026;0.025715844110664743;0.061214898948243;operator
Q12_48_seed_385589457;24968;Nested Loop;4;Outer;;10.332;968.057;30.88826216284299;1099.7092816303511;operator
Q12_48_seed_385589457;24967;Sort;3;Outer;;968.887;968.994;1042.6578783698487;1043.7532150192978;operator
Q12_48_seed_385589457;24966;Aggregate;2;Outer;;969.279;969.707;1044.2478356968522;1054.1240691905273;operator
Q12_48_seed_385589457;24965;Gather Merge;1;Outer;;982.954;989.795;1061.7877054498585;1115.1319406920013;operator
Q12_48_seed_385589457;24964;Aggregate;0;;;983.994;989.903;1067.1639431296294;1085.550003998976;operator
Q12_63_seed_508649922;25088;Seq Scan;5;Outer;;9.62;831.689;4.770698219965788;718.3298260400243;operator
Q12_63_seed_508649922;25089;Index Scan;5;Inner;;0.029;0.029;0.025715844110664743;0.061214898948243;operator
Q12_63_seed_508649922;25087;Nested Loop;4;Outer;;10.183;983.648;30.88827084751027;1099.736197115083;operator
Q12_63_seed_508649922;25086;Sort;3;Outer;;984.546;984.646;1042.6601293261567;1043.7554663936762;operator
Q12_63_seed_508649922;25085;Aggregate;2;Outer;;984.927;985.251;1044.2488796913274;1054.1253724391202;operator
Q12_63_seed_508649922;25084;Gather Merge;1;Outer;;1002.378;1007.114;1061.7877957903606;1115.1320761297684;operator
Q12_63_seed_508649922;25083;Aggregate;0;;;1002.747;1007.138;1067.163996313366;1085.5500744296558;operator
Q12_65_seed_525057984;25102;Seq Scan;5;Outer;;9.882;845.708;4.770623805165634;718.3296315439936;operator
Q12_65_seed_525057984;25103;Index Scan;5;Inner;;0.027;0.027;0.025715844110664743;0.061214898948243;operator
Q12_65_seed_525057984;25101;Nested Loop;4;Outer;;10.313;985.418;30.888261785144337;1099.7081142888599;operator
Q12_65_seed_525057984;25100;Sort;3;Outer;;986.304;986.401;1042.6577807451843;1043.7531173765003;operator
Q12_65_seed_525057984;25099;Aggregate;2;Outer;;986.683;987.002;1044.247790418486;1054.1240126682574;operator
Q12_65_seed_525057984;25098;Gather Merge;1;Outer;;1001.94;1006.559;1061.7877015317695;1115.131934818034;operator
Q12_65_seed_525057984;25097;Aggregate;0;;;1002.3;1006.576;1067.1639408230378;1085.5500009443813;operator
Q12_67_seed_541466046;25116;Seq Scan;5;Outer;;10.349;837.525;4.770571094253426;718.3294936994216;operator
Q12_67_seed_541466046;25117;Index Scan;5;Inner;;0.026;0.026;0.025715844110664743;0.061214898948243;operator
Q12_67_seed_541466046;25115;Nested Loop;4;Outer;;10.861;974.412;30.88825536291546;1099.6883064357382;operator
Q12_67_seed_541466046;25114;Sort;3;Outer;;975.241;975.34;1042.656124225402;1043.7514605490198;operator
Q12_67_seed_541466046;25113;Aggregate;2;Outer;;975.61;975.952;1044.2470221237768;1054.1230535844752;operator
Q12_67_seed_541466046;25112;Gather Merge;1;Outer;;989.915;997.731;1061.787635048727;1115.1318351472144;operator
Q12_67_seed_541466046;25111;Aggregate;0;;;990.348;997.746;1067.1639016842685;1085.549949113313;operator
Q12_81_seed_656322480;25228;Seq Scan;5;Outer;;10.354;841.939;4.7706579120379;718.329720703706;operator
Q12_81_seed_656322480;25229;Index Scan;5;Inner;;0.027;0.027;0.025715844110664743;0.061214898948243;operator
Q12_81_seed_656322480;25227;Nested Loop;4;Outer;;10.782;982.406;30.888265939354895;1099.7209683248743;operator
Q12_81_seed_656322480;25226;Sort;3;Outer;;983.329;983.428;1042.6588557303885;1043.7541925613687;operator
Q12_81_seed_656322480;25225;Aggregate;2;Outer;;983.712;984.048;1044.2482889971047;1054.124635058238;operator
Q12_81_seed_656322480;25224;Gather Merge;1;Outer;;1000.036;1003.732;1061.7877446754833;1115.1319994987423;operator
Q12_81_seed_656322480;25223;Aggregate;0;;;1000.41;1003.745;1067.163966221876;1085.5500345798023;operator
Q12_86_seed_697342635;25263;Seq Scan;5;Outer;;9.986;846.209;4.770656361730219;718.3297166515729;operator
Q12_86_seed_697342635;25264;Index Scan;5;Inner;;0.029;0.029;0.025715844110664743;0.061214898948243;operator
Q12_86_seed_697342635;25262;Nested Loop;4;Outer;;10.348;995.017;30.888265750550048;1099.720383416774;operator
Q12_86_seed_697342635;25261;Sort;3;Outer;;995.935;996.052;1042.6588068142664;1043.7541436361614;operator
Q12_86_seed_697342635;25260;Aggregate;2;Outer;;996.341;996.745;1044.248266309786;1054.1246067370025;operator
Q12_86_seed_697342635;25259;Gather Merge;1;Outer;;1009.763;1015.994;1061.7877427122708;1115.1319965555094;operator
Q12_86_seed_697342635;25258;Aggregate;0;;;1010.207;1016.009;1067.163965066127;1085.5500330492555;operator
Q12_88_seed_713750697;25277;Seq Scan;5;Outer;;9.953;835.182;4.770591248469242;718.3295464121886;operator
Q12_88_seed_713750697;25278;Index Scan;5;Inner;;0.027;0.027;0.025715844110664743;0.061214898948243;operator
Q12_88_seed_713750697;25276;Nested Loop;4;Outer;;10.421;977.097;30.88825781877209;1099.6958717838518;operator
Q12_88_seed_713750697;25275;Sort;3;Outer;;978.012;978.118;1042.6567569092238;1043.7520933503654;operator
Q12_88_seed_713750697;25274;Aggregate;2;Outer;;978.4;978.754;1044.247315562866;1054.123419892624;operator
Q12_88_seed_713750697;25273;Gather Merge;1;Outer;;995.605;998.191;1061.7876604409485;1115.1318732150169;operator
Q12_88_seed_713750697;25272;Aggregate;0;;;995.982;998.216;1067.1639166327461;1085.549968909427;operator
Q13_100_seed_812199069;25376;Index Only Scan;5;Outer;;0.01;9.21;0.010999999999999233;10.082;operator
Q13_100_seed_812199069;25374;Seq Scan;4;Outer;;0.175;506.62;0.2302163699792747;81.90002132726472;operator
Q13_100_seed_812199069;25375;Hash;4;Inner;;14.32;14.32;17.499538526831827;17.500523011010216;operator
Q13_100_seed_812199069;25372;Aggregate;2;Outer;;916.843;924.434;889.7949907543941;895.10879188026;pattern
Q13_100_seed_812199069;25370;Sort;0;;;930.726;930.733;1040.0325606945262;1041.0008644536192;pattern
Q13_104_seed_845015193;25404;Index Only Scan;5;Outer;;0.017;9.587;0.010999999999999233;10.082;operator
Q13_104_seed_845015193;25402;Seq Scan;4;Outer;;0.191;482.798;0.2302163699792747;81.90002132726472;operator
Q13_104_seed_845015193;25403;Hash;4;Inner;;14.934;14.934;17.499538526831827;17.500523011010216;operator
Q13_104_seed_845015193;25400;Aggregate;2;Outer;;893.591;900.954;889.7949907543941;895.10879188026;pattern
Q13_104_seed_845015193;25398;Sort;0;;;906.998;907.0;1040.0325606945262;1041.0008644536192;pattern
Q13_110_seed_894239379;25453;Index Only Scan;5;Outer;;0.014;9.755;0.010999999999999233;10.082;operator
Q13_110_seed_894239379;25451;Seq Scan;4;Outer;;0.225;502.152;0.23538075655180907;82.35954697629441;operator
Q13_110_seed_894239379;25452;Hash;4;Inner;;15.053;15.053;17.499538526831827;17.500523011010216;operator
Q13_110_seed_894239379;25449;Aggregate;2;Outer;;912.357;919.564;889.7545158054891;895.0678153266742;pattern
Q13_110_seed_894239379;25447;Sort;0;;;925.669;925.676;1040.016286550754;1040.9845786282526;pattern
Q13_112_seed_910647441;25467;Index Only Scan;5;Outer;;0.01;10.184;0.010999999999999233;10.082;operator
Q13_112_seed_910647441;25465;Seq Scan;4;Outer;;0.206;504.021;0.2302163699792747;81.90002132726472;operator
Q13_112_seed_910647441;25466;Hash;4;Inner;;15.613;15.614;17.499538526831827;17.500523011010216;operator
Q13_112_seed_910647441;25463;Aggregate;2;Outer;;916.251;923.826;889.7949907543941;895.10879188026;pattern
Q13_112_seed_910647441;25461;Sort;0;;;929.937;929.944;1040.0325606945262;1041.0008644536192;pattern
Q13_120_seed_976279689;25530;Index Only Scan;5;Outer;;0.009;10.102;0.010999999999999233;10.082;operator
Q13_120_seed_976279689;25528;Seq Scan;4;Outer;;0.229;471.807;0.2302163699792747;81.90002132726472;operator
Q13_120_seed_976279689;25529;Hash;4;Inner;;16.283;16.283;17.499538526831827;17.500523011010216;operator
Q13_120_seed_976279689;25526;Aggregate;2;Outer;;887.89;895.359;889.7949907543941;895.10879188026;pattern
Q13_120_seed_976279689;25524;Sort;0;;;901.404;901.411;1040.0325606945262;1041.0008644536192;pattern
Q13_131_seed_1066524030;25614;Index Only Scan;5;Outer;;0.012;10.854;0.010999999999999233;10.082;operator
Q13_131_seed_1066524030;25612;Seq Scan;4;Outer;;0.28;478.394;0.23538075655180907;82.35954697629441;operator
Q13_131_seed_1066524030;25613;Hash;4;Inner;;17.269;17.269;17.499538526831827;17.500523011010216;operator
Q13_131_seed_1066524030;25610;Aggregate;2;Outer;;901.897;909.353;889.7545158054891;895.0678153266742;pattern
Q13_131_seed_1066524030;25608;Sort;0;;;915.475;915.476;1040.016286550754;1040.9845786282526;pattern
Q13_137_seed_1115748216;25656;Index Only Scan;5;Outer;;0.01;10.13;0.010999999999999233;10.082;operator
Q13_137_seed_1115748216;25654;Seq Scan;4;Outer;;0.216;481.539;0.2302163699792747;81.90002132726472;operator
Q13_137_seed_1115748216;25655;Hash;4;Inner;;15.42;15.42;17.499538526831827;17.500523011010216;operator
Q13_137_seed_1115748216;25652;Aggregate;2;Outer;;888.917;896.504;889.7949907543941;895.10879188026;pattern
Q13_137_seed_1115748216;25650;Sort;0;;;902.558;902.56;1040.0325606945262;1041.0008644536192;pattern
Q13_142_seed_1156768371;25698;Index Only Scan;5;Outer;;0.011;10.174;0.010999999999999233;10.082;operator
Q13_142_seed_1156768371;25696;Seq Scan;4;Outer;;0.282;530.622;0.2319420983230181;82.05147141177264;operator
Q13_142_seed_1156768371;25697;Hash;4;Inner;;15.798;15.798;17.499538526831827;17.500523011010216;operator
Q13_142_seed_1156768371;25694;Aggregate;2;Outer;;931.073;939.023;889.7815327782351;895.0951682428724;pattern
Q13_142_seed_1156768371;25692;Sort;0;;;945.136;945.143;1040.027135199569;1040.9954350847574;pattern
Q13_146_seed_1189584495;25726;Index Only Scan;5;Outer;;0.011;10.438;0.010999999999999233;10.082;operator
Q13_146_seed_1189584495;25724;Seq Scan;4;Outer;;0.245;478.799;0.2319420983230181;82.05147141177264;operator
Q13_146_seed_1189584495;25725;Hash;4;Inner;;16.262;16.262;17.499538526831827;17.500523011010216;operator
Q13_146_seed_1189584495;25722;Aggregate;2;Outer;;894.518;902.123;889.7815327782351;895.0951682428724;pattern
Q13_146_seed_1189584495;25720;Sort;0;;;908.226;908.231;1040.027135199569;1040.9954350847574;pattern
Q13_14_seed_106652403;25754;Index Only Scan;5;Outer;;0.011;10.196;0.010999999999999233;10.082;operator
Q13_14_seed_106652403;25752;Seq Scan;4;Outer;;0.193;478.83;0.2302163699792747;81.90002132726472;operator
Q13_14_seed_106652403;25753;Hash;4;Inner;;15.674;15.674;17.499538526831827;17.500523011010216;operator
Q13_14_seed_106652403;25750;Aggregate;2;Outer;;895.978;903.619;889.7949907543941;895.10879188026;pattern
Q13_14_seed_106652403;25748;Sort;0;;;909.783;909.786;1040.0325606945262;1041.0008644536192;pattern
Q13_16_seed_123060465;25775;Index Only Scan;5;Outer;;0.009;10.192;0.010999999999999233;10.082;operator
Q13_16_seed_123060465;25773;Seq Scan;4;Outer;;0.223;504.961;0.23538075655180907;82.35954697629441;operator
Q13_16_seed_123060465;25774;Hash;4;Inner;;15.646;15.646;17.499538526831827;17.500523011010216;operator
Q13_16_seed_123060465;25771;Aggregate;2;Outer;;910.469;918.155;889.7545158054891;895.0678153266742;pattern
Q13_16_seed_123060465;25769;Sort;0;;;924.265;924.274;1040.016286550754;1040.9845786282526;pattern
Q13_18_seed_139468527;25789;Index Only Scan;5;Outer;;0.019;9.994;0.010999999999999233;10.082;operator
Q13_18_seed_139468527;25787;Seq Scan;4;Outer;;0.196;465.939;0.2302163699792747;81.90002132726472;operator
Q13_18_seed_139468527;25788;Hash;4;Inner;;15.338;15.338;17.499538526831827;17.500523011010216;operator
Q13_18_seed_139468527;25785;Aggregate;2;Outer;;876.58;885.094;889.7949907543941;895.10879188026;pattern
Q13_18_seed_139468527;25783;Sort;0;;;891.222;891.224;1040.0325606945262;1041.0008644536192;pattern
Q13_28_seed_221508837;25866;Index Only Scan;5;Outer;;0.017;10.475;0.010999999999999233;10.082;operator
Q13_28_seed_221508837;25864;Seq Scan;4;Outer;;0.193;503.407;0.23538075655180907;82.35954697629441;operator
Q13_28_seed_221508837;25865;Hash;4;Inner;;16.024;16.024;17.499538526831827;17.500523011010216;operator
Q13_28_seed_221508837;25862;Aggregate;2;Outer;;912.29;919.062;889.7545158054891;895.0678153266742;pattern
Q13_28_seed_221508837;25860;Sort;0;;;925.071;925.073;1040.016286550754;1040.9845786282526;pattern
Q13_37_seed_295345116;25936;Index Only Scan;5;Outer;;0.025;10.229;0.010999999999999233;10.082;operator
Q13_37_seed_295345116;25934;Seq Scan;4;Outer;;0.25;507.494;0.2302163699792747;81.90002132726472;operator
Q13_37_seed_295345116;25935;Hash;4;Inner;;15.629;15.629;17.499538526831827;17.500523011010216;operator
Q13_37_seed_295345116;25932;Aggregate;2;Outer;;923.549;930.584;889.7949907543941;895.10879188026;pattern
Q13_37_seed_295345116;25930;Sort;0;;;936.434;936.444;1040.0325606945262;1041.0008644536192;pattern
Q13_3_seed_16408062;25957;Index Only Scan;5;Outer;;0.011;9.598;0.010999999999999233;10.082;operator
Q13_3_seed_16408062;25955;Seq Scan;4;Outer;;0.199;474.586;0.23709354610693162;82.51615303798567;operator
Q13_3_seed_16408062;25956;Hash;4;Inner;;14.899;14.906;17.499538526831827;17.500523011010216;operator
Q13_3_seed_16408062;25953;Aggregate;2;Outer;;911.577;918.377;889.7409585494;895.0540878533719;pattern
Q13_3_seed_16408062;25951;Sort;0;;;924.403;924.411;1040.010863460272;1040.9791516049604;pattern
Q13_40_seed_319957209;25964;Index Only Scan;5;Outer;;0.009;9.613;0.010999999999999233;10.082;operator
Q13_40_seed_319957209;25962;Seq Scan;4;Outer;;0.232;503.625;0.23538075655180907;82.35954697629441;operator
Q13_40_seed_319957209;25963;Hash;4;Inner;;14.934;14.934;17.499538526831827;17.500523011010216;operator
Q13_40_seed_319957209;25960;Aggregate;2;Outer;;931.026;938.856;889.7545158054891;895.0678153266742;pattern
Q13_40_seed_319957209;25958;Sort;0;;;944.996;945.002;1040.016286550754;1040.9845786282526;pattern
Q13_45_seed_360977364;25999;Index Only Scan;5;Outer;;0.015;9.441;0.010999999999999233;10.082;operator
Q13_45_seed_360977364;25997;Seq Scan;4;Outer;;0.245;465.231;0.2302163699792747;81.90002132726472;operator
Q13_45_seed_360977364;25998;Hash;4;Inner;;14.354;14.354;17.499538526831827;17.500523011010216;operator
Q13_45_seed_360977364;25995;Aggregate;2;Outer;;876.552;884.434;889.7949907543941;895.10879188026;pattern
Q13_45_seed_360977364;25993;Sort;0;;;890.332;890.339;1040.0325606945262;1041.0008644536192;pattern
Q13_48_seed_385589457;26020;Index Only Scan;5;Outer;;0.011;10.066;0.010999999999999233;10.082;operator
Q13_48_seed_385589457;26018;Seq Scan;4;Outer;;0.232;468.044;0.23709354610693162;82.51615303798567;operator
Q13_48_seed_385589457;26019;Hash;4;Inner;;17.123;17.123;17.499538526831827;17.500523011010216;operator
Q13_48_seed_385589457;26016;Aggregate;2;Outer;;884.295;891.587;889.7409585494;895.0540878533719;pattern
Q13_48_seed_385589457;26014;Sort;0;;;897.537;897.543;1040.010863460272;1040.9791516049604;pattern
Q13_63_seed_508649922;26139;Index Only Scan;5;Outer;;0.01;10.441;0.010999999999999233;10.082;operator
Q13_63_seed_508649922;26137;Seq Scan;4;Outer;;0.188;466.517;0.2302163699792747;81.90002132726472;operator
Q13_63_seed_508649922;26138;Hash;4;Inner;;15.679;15.679;17.499538526831827;17.500523011010216;operator
Q13_63_seed_508649922;26135;Aggregate;2;Outer;;879.132;887.06;889.7949907543941;895.10879188026;pattern
Q13_63_seed_508649922;26133;Sort;0;;;893.163;893.166;1040.0325606945262;1041.0008644536192;pattern
Q13_65_seed_525057984;26153;Index Only Scan;5;Outer;;0.016;10.761;0.010999999999999233;10.082;operator
Q13_65_seed_525057984;26151;Seq Scan;4;Outer;;0.249;481.637;0.23538075655180907;82.35954697629441;operator
Q13_65_seed_525057984;26152;Hash;4;Inner;;17.014;17.018;17.499538526831827;17.500523011010216;operator
Q13_65_seed_525057984;26149;Aggregate;2;Outer;;914.873;922.514;889.7545158054891;895.0678153266742;pattern
Q13_65_seed_525057984;26147;Sort;0;;;928.567;928.576;1040.016286550754;1040.9845786282526;pattern
Q13_67_seed_541466046;26167;Index Only Scan;5;Outer;;0.01;10.291;0.010999999999999233;10.082;operator
Q13_67_seed_541466046;26165;Seq Scan;4;Outer;;0.191;509.599;0.2302163699792747;81.90002132726472;operator
Q13_67_seed_541466046;26166;Hash;4;Inner;;15.479;15.479;17.499538526831827;17.500523011010216;operator
Q13_67_seed_541466046;26163;Aggregate;2;Outer;;925.873;934.734;889.7949907543941;895.10879188026;pattern
Q13_67_seed_541466046;26161;Sort;0;;;940.742;940.744;1040.0325606945262;1041.0008644536192;pattern
Q13_81_seed_656322480;26279;Index Only Scan;5;Outer;;0.019;10.032;0.010999999999999233;10.082;operator
Q13_81_seed_656322480;26277;Seq Scan;4;Outer;;0.235;468.946;0.23709354610693162;82.51615303798567;operator
Q13_81_seed_656322480;26278;Hash;4;Inner;;18.568;18.569;17.499538526831827;17.500523011010216;operator
Q13_81_seed_656322480;26275;Aggregate;2;Outer;;896.004;903.379;889.7409585494;895.0540878533719;pattern
Q13_81_seed_656322480;26273;Sort;0;;;909.445;909.454;1040.010863460272;1040.9791516049604;pattern
Q13_86_seed_697342635;26314;Index Only Scan;5;Outer;;0.014;10.293;0.010999999999999233;10.082;operator
Q13_86_seed_697342635;26312;Seq Scan;4;Outer;;0.318;510.649;0.23538075655180907;82.35954697629441;operator
Q13_86_seed_697342635;26313;Hash;4;Inner;;17.235;17.235;17.499538526831827;17.500523011010216;operator
Q13_86_seed_697342635;26310;Aggregate;2;Outer;;934.131;941.709;889.7545158054891;895.0678153266742;pattern
Q13_86_seed_697342635;26308;Sort;0;;;947.823;947.825;1040.016286550754;1040.9845786282526;pattern
Q13_88_seed_713750697;26328;Index Only Scan;5;Outer;;0.009;10.182;0.010999999999999233;10.082;operator
Q13_88_seed_713750697;26326;Seq Scan;4;Outer;;0.275;513.589;0.2319420983230181;82.05147141177264;operator
Q13_88_seed_713750697;26327;Hash;4;Inner;;16.089;16.089;17.499538526831827;17.500523011010216;operator
Q13_88_seed_713750697;26324;Aggregate;2;Outer;;941.331;950.38;889.7815327782351;895.0951682428724;pattern
Q13_88_seed_713750697;26322;Sort;0;;;956.491;956.492;1040.027135199569;1040.9954350847574;pattern
Q14_100_seed_812199069;26424;Seq Scan;4;Outer;;0.799;708.355;3.8951861274855784;718.4897509434968;operator
Q14_100_seed_812199069;26425;Hash;4;Inner;;41.963;41.964;14.830528119132556;15.815257839703975;pattern
Q14_100_seed_812199069;26423;Hash Join;3;Outer;;44.07;758.66;75.22407661084341;832.8196449107306;operator
Q14_100_seed_812199069;26420;Aggregate;0;;;774.399;783.524;818.8525102516858;824.6768706483592;pattern
Q14_104_seed_845015193;26452;Seq Scan;4;Outer;;0.679;732.289;3.893787584295919;718.4863212272148;operator
Q14_104_seed_845015193;26453;Hash;4;Inner;;42.287;42.288;14.830528119132556;15.815257839703975;pattern
Q14_104_seed_845015193;26451;Hash Join;3;Outer;;43.965;782.528;75.2233011502161;832.812446110789;operator
Q14_104_seed_845015193;26448;Aggregate;0;;;798.695;803.188;818.8523776180729;824.6767380349917;pattern
Q14_110_seed_894239379;26501;Seq Scan;4;Outer;;0.429;756.355;3.8951774415319553;718.4897297991115;operator
Q14_110_seed_894239379;26502;Hash;4;Inner;;42.204;42.205;14.830528119132556;15.815257839703975;pattern
Q14_110_seed_894239379;26500;Hash Join;3;Outer;;43.066;806.156;75.22406927006813;832.8195989293332;operator
Q14_110_seed_894239379;26497;Aggregate;0;;;824.383;828.343;818.8525093701337;824.676869766916;pattern
Q14_112_seed_910647441;26515;Seq Scan;4;Outer;;0.865;746.822;3.8932895014842206;718.485087501763;operator
Q14_112_seed_910647441;26516;Hash;4;Inner;;43.488;43.488;14.830528119132556;15.815257839703975;pattern
Q14_112_seed_910647441;26514;Hash Join;3;Outer;;44.663;797.685;75.22302858489;832.8098755210945;operator
Q14_112_seed_910647441;26511;Aggregate;0;;;813.177;818.531;818.8523303198158;824.6766907440013;pattern
Q14_120_seed_976279689;26578;Seq Scan;4;Outer;;0.798;765.587;3.8950978199170363;718.489535883464;operator
Q14_120_seed_976279689;26579;Hash;4;Inner;;41.229;41.23;14.830528119132556;15.815257839703975;pattern
Q14_120_seed_976279689;26577;Hash Join;3;Outer;;42.799;814.878;75.22402776699221;832.8191914993772;operator
Q14_120_seed_976279689;26574;Aggregate;0;;;832.69;836.884;818.8525018977168;824.6768622956655;pattern
Q14_131_seed_1066524030;26662;Seq Scan;4;Outer;;0.945;740.204;3.895202051710804;718.4897897030601;operator
Q14_131_seed_1066524030;26663;Hash;4;Inner;;42.361;42.361;14.830528119132556;15.815257839703975;pattern
Q14_131_seed_1066524030;26661;Hash Join;3;Outer;;44.097;789.877;75.22408610304532;832.819727032641;operator
Q14_131_seed_1066524030;26658;Aggregate;0;;;805.726;811.897;818.85251177405;824.6768721704981;pattern
Q14_137_seed_1115748216;26704;Seq Scan;4;Outer;;0.772;737.335;3.8953424732437254;718.4901312041952;operator
Q14_137_seed_1115748216;26705;Hash;4;Inner;;43.347;43.348;14.830528119132556;15.815257839703975;pattern
Q14_137_seed_1115748216;26703;Hash Join;3;Outer;;46.009;789.68;75.22416117419657;832.8204462579179;operator
Q14_137_seed_1115748216;26700;Aggregate;0;;;805.051;810.308;818.8525249909462;824.6768853853509;pattern
Q14_142_seed_1156768371;26746;Seq Scan;4;Outer;;1.126;751.933;3.895022540674968;718.4893523922206;operator
Q14_142_seed_1156768371;26747;Hash;4;Inner;;42.721;42.721;14.830528119132556;15.815257839703975;pattern
Q14_142_seed_1156768371;26745;Hash Join;3;Outer;;44.843;802.786;75.2239839956197;832.8188036977888;operator
Q14_142_seed_1156768371;26742;Aggregate;0;;;819.069;827.803;818.852494723884;824.676855122906;pattern
Q14_146_seed_1189584495;26774;Seq Scan;4;Outer;;0.627;737.131;3.89505728501413;718.4894370989434;operator
Q14_146_seed_1189584495;26775;Hash;4;Inner;;42.754;42.754;14.830528119132556;15.815257839703975;pattern
Q14_146_seed_1189584495;26773;Hash Join;3;Outer;;44.11;787.543;75.22400739997542;832.818984451598;operator
Q14_146_seed_1189584495;26770;Aggregate;0;;;804.434;807.694;818.8524981108075;824.6768585093552;pattern
Q14_14_seed_106652403;26802;Seq Scan;4;Outer;;0.667;750.001;3.895377216390938;718.490215619566;operator
Q14_14_seed_106652403;26803;Hash;4;Inner;;43.001;43.001;14.830528119132556;15.815257839703975;pattern
Q14_14_seed_106652403;26801;Hash Join;3;Outer;;44.238;800.79;75.22418459965552;832.82062681124;operator
Q14_14_seed_106652403;26798;Aggregate;0;;;816.051;823.443;818.8525283748108;824.6768887687422;pattern
Q14_16_seed_123060465;26823;Seq Scan;4;Outer;;0.609;770.019;3.8953887974089696;718.4902437509868;operator
Q14_16_seed_123060465;26824;Hash;4;Inner;;45.096;45.096;14.830528119132556;15.815257839703975;pattern
Q14_16_seed_123060465;26822;Hash Join;3;Outer;;45.986;822.484;75.2241904255245;832.8206859039747;operator
Q14_16_seed_123060465;26819;Aggregate;0;;;841.854;844.213;818.8525294558119;824.6768898495724;pattern
Q14_18_seed_139468527;26837;Seq Scan;4;Outer;;0.609;726.186;3.894679433294951;718.4885142143289;operator
Q14_18_seed_139468527;26838;Hash;4;Inner;;46.474;46.474;14.830528119132556;15.815257839703975;pattern
Q14_18_seed_139468527;26836;Hash Join;3;Outer;;49.034;781.667;75.22379539018407;832.8170408177533;operator
Q14_18_seed_139468527;26833;Aggregate;0;;;798.432;803.833;818.8524622622532;824.6768226662442;pattern
Q14_28_seed_221508837;26914;Seq Scan;4;Outer;;0.577;758.609;3.8943406565921492;718.4876836191513;operator
Q14_28_seed_221508837;26915;Hash;4;Inner;;42.418;42.418;14.830528119132556;15.815257839703975;pattern
Q14_28_seed_221508837;26913;Hash Join;3;Outer;;43.457;808.571;75.22361067178488;832.815298872204;operator
Q14_28_seed_221508837;26910;Aggregate;0;;;824.995;830.758;818.8524302100262;824.6767906189414;pattern
Q14_37_seed_295345116;26984;Seq Scan;4;Outer;;0.4;747.553;3.8961285049990666;718.4920333614289;operator
Q14_37_seed_295345116;26985;Hash;4;Inner;;42.357;42.357;14.830528119132556;15.815257839703975;pattern
Q14_37_seed_295345116;26983;Hash Join;3;Outer;;43.242;797.689;75.22460026440336;832.8244758207857;operator
Q14_37_seed_295345116;26980;Aggregate;0;;;813.673;819.508;818.8525993073051;824.6769596904206;pattern
Q14_3_seed_16408062;27005;Seq Scan;4;Outer;;0.812;733.169;3.8917053049591157;718.4811207597984;operator
Q14_3_seed_16408062;27006;Hash;4;Inner;;42.822;42.822;14.830528119132556;15.815257839703975;pattern
Q14_3_seed_16408062;27004;Hash Join;3;Outer;;44.545;783.648;75.22216025953608;832.8016681858533;operator
Q14_3_seed_16408062;27001;Aggregate;0;;;800.296;805.323;818.8521793373635;824.6765397847662;pattern
Q14_40_seed_319957209;27012;Seq Scan;4;Outer;;0.978;746.592;3.894285640406533;718.4875484522813;operator
Q14_40_seed_319957209;27013;Hash;4;Inner;;42.612;42.612;14.830528119132556;15.815257839703975;pattern
Q14_40_seed_319957209;27011;Hash Join;3;Outer;;44.171;796.822;75.22358013600468;832.8150154903013;operator
Q14_40_seed_319957209;27008;Aggregate;0;;;815.12;818.025;818.8524249887614;824.6767853984735;pattern
Q14_45_seed_360977364;27047;Seq Scan;4;Outer;;1.247;767.216;3.893787584295919;718.4863212272148;operator
Q14_45_seed_360977364;27048;Hash;4;Inner;;45.772;45.773;14.830528119132556;15.815257839703975;pattern
Q14_45_seed_360977364;27046;Hash Join;3;Outer;;47.342;820.282;75.2233011502161;832.812446110789;operator
Q14_45_seed_360977364;27043;Aggregate;0;;;836.23;841.155;818.8523776180729;824.6767380349917;pattern
Q14_48_seed_385589457;27068;Seq Scan;4;Outer;;0.47;739.259;3.8917053049591157;718.4811207597984;operator
Q14_48_seed_385589457;27069;Hash;4;Inner;;43.654;43.655;14.830528119132556;15.815257839703975;pattern
Q14_48_seed_385589457;27067;Hash Join;3;Outer;;44.551;790.007;75.22216025953608;832.8016681858533;operator
Q14_48_seed_385589457;27064;Aggregate;0;;;806.196;815.234;818.8521793373635;824.6765397847662;pattern
Q14_63_seed_508649922;27187;Seq Scan;4;Outer;;0.613;763.665;3.894679433294951;718.4885142143289;operator
Q14_63_seed_508649922;27188;Hash;4;Inner;;42.134;42.135;14.830528119132556;15.815257839703975;pattern
Q14_63_seed_508649922;27186;Hash Join;3;Outer;;43.374;813.548;75.22379539018407;832.8170408177533;operator
Q14_63_seed_508649922;27183;Aggregate;0;;;829.103;834.932;818.8524622622532;824.6768226662442;pattern
Q14_65_seed_525057984;27201;Seq Scan;4;Outer;;0.371;746.58;3.8951774415319553;718.4897297991115;operator
Q14_65_seed_525057984;27202;Hash;4;Inner;;45.376;45.376;14.830528119132556;15.815257839703975;pattern
Q14_65_seed_525057984;27200;Hash Join;3;Outer;;46.412;800.009;75.22406927006813;832.8195989293332;operator
Q14_65_seed_525057984;27197;Aggregate;0;;;816.331;821.635;818.8525093701337;824.676869766916;pattern
Q14_67_seed_541466046;27215;Seq Scan;4;Outer;;0.772;760.803;3.8932895014842206;718.485087501763;operator
Q14_67_seed_541466046;27216;Hash;4;Inner;;41.997;41.998;14.830528119132556;15.815257839703975;pattern
Q14_67_seed_541466046;27214;Hash Join;3;Outer;;43.36;810.285;75.22302858489;832.8098755210945;operator
Q14_67_seed_541466046;27211;Aggregate;0;;;828.832;834.055;818.8523303198158;824.6766907440013;pattern
Q14_81_seed_656322480;27327;Seq Scan;4;Outer;;0.856;741.232;3.894607046147807;718.4883369894151;operator
Q14_81_seed_656322480;27328;Hash;4;Inner;;44.915;44.915;14.830528119132556;15.815257839703975;pattern
Q14_81_seed_656322480;27326;Hash Join;3;Outer;;46.293;793.614;75.22375610552788;832.8166688924482;operator
Q14_81_seed_656322480;27323;Aggregate;0;;;808.573;814.3;818.8524554209467;824.6768158259905;pattern
Q14_86_seed_697342635;27362;Seq Scan;4;Outer;;0.804;742.07;3.895202051710804;718.4897897030601;operator
Q14_86_seed_697342635;27363;Hash;4;Inner;;47.904;47.904;14.830528119132556;15.815257839703975;pattern
Q14_86_seed_697342635;27361;Hash Join;3;Outer;;49.592;798.051;75.22408610304532;832.819727032641;operator
Q14_86_seed_697342635;27358;Aggregate;0;;;816.118;820.395;818.85251177405;824.6768721704981;pattern
Q14_88_seed_713750697;27376;Seq Scan;4;Outer;;0.638;765.403;3.893954088584219;718.4867322147213;operator
Q14_88_seed_713750697;27377;Hash;4;Inner;;42.155;42.155;14.830528119132556;15.815257839703975;pattern
Q14_88_seed_713750697;27375;Hash Join;3;Outer;;43.139;815.235;75.22339780508337;832.8133074444781;operator
Q14_88_seed_713750697;27372;Aggregate;0;;;834.23;837.802;818.8523935431592;824.6767539576891;pattern
Q18_100_seed_812199069;28832;Index Scan;11;Outer;;0.081;2105.375;0.07685726609716476;0.027654173960236478;operator
Q18_100_seed_812199069;28831;Aggregate;10;Outer;;555.089;2602.498;902.6324820439957;957.2433956890593;operator
Q18_100_seed_812199069;28829;Seq Scan;9;Outer;;0.241;186.147;0.44217325160783316;153.20546737721503;operator
Q18_100_seed_812199069;28830;Hash;9;Inner;;2602.537;2602.537;181.40007234347246;181.40029632215345;operator
Q18_100_seed_812199069;28828;Hash Join;8;Outer;;2710.773;2816.479;138.19956176297063;725.7413266239652;operator
Q18_100_seed_812199069;28834;Seq Scan;8;Outer;;0.05;60.026;0.0891855569261294;9.931672895698853;operator
Q18_100_seed_812199069;28827;Sort;7;Outer;;2816.491;2816.492;1016.3484049694355;1017.439962586687;operator
Q18_100_seed_812199069;28833;Sort;7;Inner;;69.272;71.662;986.7590127642712;987.7931566361895;operator
Q18_100_seed_812199069;28826;Merge Join;6;Outer;;2869.611;2872.325;2908.905754614174;2910.6811611472067;operator
Q18_100_seed_812199069;28835;Index Scan;6;Inner;;0.022;0.023;0.022345194232160026;0.027654173960236478;operator
Q18_100_seed_812199069;28825;Nested Loop;5;Outer;;2869.642;2872.384;275.00753350298476;1366.3462316894643;operator
Q18_100_seed_812199069;28824;Incremental Sort;4;Outer;;2872.44;2872.442;2910.9434586514226;2910.9459586514226;operator
Q18_100_seed_812199069;28823;Gather Merge;3;Outer;;2903.962;2910.409;1328.3509828704907;1396.914844584652;operator
Q18_100_seed_812199069;28821;Sort;1;Outer;;2904.022;2910.465;1235.8708978436366;1236.917958347554;pattern
Q18_100_seed_812199069;28820;Limit;0;;;3022.024;3028.467;2099.510896604095;2103.359396604094;operator
Q18_104_seed_845015193;28896;Index Scan;11;Outer;;0.078;2124.96;0.07685726609716476;0.027654173960236478;operator
Q18_104_seed_845015193;28895;Aggregate;10;Outer;;549.677;2632.224;902.6324820439957;957.2433956890593;operator
Q18_104_seed_845015193;28893;Seq Scan;9;Outer;;0.222;198.456;0.44217325160783316;153.20546737721503;operator
Q18_104_seed_845015193;28894;Hash;9;Inner;;2632.269;2632.269;181.40007234347246;181.40029632215345;operator
Q18_104_seed_845015193;28892;Hash Join;8;Outer;;2711.365;2860.433;138.19956176297063;725.7413266239652;operator
Q18_104_seed_845015193;28898;Seq Scan;8;Outer;;0.051;55.243;0.0891855569261294;9.931672895698853;operator
Q18_104_seed_845015193;28891;Sort;7;Outer;;2860.445;2860.446;1016.3484049694355;1017.439962586687;operator
Q18_104_seed_845015193;28897;Sort;7;Inner;;65.739;68.054;986.7590127642712;987.7931566361895;operator
Q18_104_seed_845015193;28890;Merge Join;6;Outer;;2929.58;2931.36;2908.905754614174;2910.6811611472067;operator
Q18_104_seed_845015193;28899;Index Scan;6;Inner;;0.023;0.024;0.022345194232160026;0.027654173960236478;operator
Q18_104_seed_845015193;28889;Nested Loop;5;Outer;;2929.616;2931.427;275.00753350298476;1366.3462316894643;operator
Q18_104_seed_845015193;28888;Incremental Sort;4;Outer;;2931.477;2931.479;2910.9434586514226;2910.9459586514226;operator
Q18_104_seed_845015193;28887;Gather Merge;3;Outer;;2944.368;2950.876;1328.3509828704907;1396.914844584652;operator
Q18_104_seed_845015193;28885;Sort;1;Outer;;2944.429;2950.934;1235.8708978436366;1236.917958347554;pattern
Q18_104_seed_845015193;28884;Limit;0;;;3062.967;3069.473;2099.510896604095;2103.359396604094;operator
Q18_110_seed_894239379;29008;Index Scan;11;Outer;;0.08;2112.913;0.07685726609716476;0.027654173960236478;operator
Q18_110_seed_894239379;29007;Aggregate;10;Outer;;544.669;2617.457;902.6324820439957;957.2433956890593;operator
Q18_110_seed_894239379;29005;Seq Scan;9;Outer;;0.233;194.418;0.44217325160783316;153.20546737721503;operator
Q18_110_seed_894239379;29006;Hash;9;Inner;;2617.493;2617.493;181.40007234347246;181.40029632215345;operator
Q18_110_seed_894239379;29004;Hash Join;8;Outer;;2714.307;2842.124;138.19956176297063;725.7413266239652;operator
Q18_110_seed_894239379;29010;Seq Scan;8;Outer;;0.048;53.674;0.0891855569261294;9.931672895698853;operator
Q18_110_seed_894239379;29003;Sort;7;Outer;;2842.134;2842.135;1016.3484049694355;1017.439962586687;operator
Q18_110_seed_894239379;29009;Sort;7;Inner;;64.897;67.48;986.7590127642712;987.7931566361895;operator
Q18_110_seed_894239379;29002;Merge Join;6;Outer;;2909.946;2912.166;2908.905754614174;2910.6811611472067;operator
Q18_110_seed_894239379;29011;Index Scan;6;Inner;;0.023;0.024;0.022345194232160026;0.027654173960236478;operator
Q18_110_seed_894239379;29001;Nested Loop;5;Outer;;2909.987;2912.229;275.00753350298476;1366.3462316894643;operator
Q18_110_seed_894239379;29000;Incremental Sort;4;Outer;;2912.281;2912.283;2910.9434586514226;2910.9459586514226;operator
Q18_110_seed_894239379;28999;Gather Merge;3;Outer;;2926.351;2932.337;1328.3509828704907;1396.914844584652;operator
Q18_110_seed_894239379;28997;Sort;1;Outer;;2926.414;2932.397;1235.8708978436366;1236.917958347554;pattern
Q18_110_seed_894239379;28996;Limit;0;;;3043.435;3049.419;2099.510896604095;2103.359396604094;operator
Q18_112_seed_910647441;29040;Index Scan;11;Outer;;0.022;2097.543;0.07685726609716476;0.027654173960236478;operator
Q18_112_seed_910647441;29039;Aggregate;10;Outer;;559.514;2595.726;902.6324820439957;957.2433956890593;operator
Q18_112_seed_910647441;29037;Seq Scan;9;Outer;;0.24;183.258;0.44217325160783316;153.20546737721503;operator
Q18_112_seed_910647441;29038;Hash;9;Inner;;2595.748;2595.748;181.40007234347246;181.40029632215345;operator
Q18_112_seed_910647441;29036;Hash Join;8;Outer;;2689.715;2805.68;138.19956176297063;725.7413266239652;operator
Q18_112_seed_910647441;29042;Seq Scan;8;Outer;;0.051;56.27;0.0891855569261294;9.931672895698853;operator
Q18_112_seed_910647441;29035;Sort;7;Outer;;2805.69;2805.692;1016.3484049694355;1017.439962586687;operator
Q18_112_seed_910647441;29041;Sort;7;Inner;;66.533;69.086;986.7590127642712;987.7931566361895;operator
Q18_112_seed_910647441;29034;Merge Join;6;Outer;;2875.204;2877.835;2908.905754614174;2910.6811611472067;operator
Q18_112_seed_910647441;29043;Index Scan;6;Inner;;0.021;0.022;0.022345194232160026;0.027654173960236478;operator
Q18_112_seed_910647441;29033;Nested Loop;5;Outer;;2875.244;2877.898;275.00753350298476;1366.3462316894643;operator
Q18_112_seed_910647441;29032;Incremental Sort;4;Outer;;2877.948;2877.951;2910.9434586514226;2910.9459586514226;operator
Q18_112_seed_910647441;29031;Gather Merge;3;Outer;;2891.932;2897.905;1328.3509828704907;1396.914844584652;operator
Q18_112_seed_910647441;29029;Sort;1;Outer;;2892.0;2897.97;1235.8708978436366;1236.917958347554;pattern
Q18_112_seed_910647441;29028;Limit;0;;;3008.206;3014.176;2099.510896604095;2103.359396604094;operator
Q18_120_seed_976279689;29184;Index Scan;11;Outer;;0.079;2117.117;0.07685726609716476;0.027654173960236478;operator
Q18_120_seed_976279689;29183;Aggregate;10;Outer;;544.983;2612.591;902.6324820439957;957.2433956890593;operator
Q18_120_seed_976279689;29181;Seq Scan;9;Outer;;0.206;187.736;0.44217325160783316;153.20546737721503;operator
Q18_120_seed_976279689;29182;Hash;9;Inner;;2612.633;2612.633;181.40007234347246;181.40029632215345;operator
Q18_120_seed_976279689;29180;Hash Join;8;Outer;;2701.771;2829.195;138.19956176297063;725.7413266239652;operator
Q18_120_seed_976279689;29186;Seq Scan;8;Outer;;0.047;53.369;0.0891855569261294;9.931672895698853;operator
Q18_120_seed_976279689;29179;Sort;7;Outer;;2829.207;2829.208;1016.3484049694355;1017.439962586687;operator
Q18_120_seed_976279689;29185;Sort;7;Inner;;62.84;64.809;986.7590127642712;987.7931566361895;operator
Q18_120_seed_976279689;29178;Merge Join;6;Outer;;2894.543;2896.397;2908.905754614174;2910.6811611472067;operator
Q18_120_seed_976279689;29187;Index Scan;6;Inner;;0.02;0.022;0.022345194232160026;0.027654173960236478;operator
Q18_120_seed_976279689;29177;Nested Loop;5;Outer;;2894.584;2896.456;275.00753350298476;1366.3462316894643;operator
Q18_120_seed_976279689;29176;Incremental Sort;4;Outer;;2896.503;2896.504;2910.9434586514226;2910.9459586514226;operator
Q18_120_seed_976279689;29175;Gather Merge;3;Outer;;2908.173;2919.093;1328.3509828704907;1396.914844584652;operator
Q18_120_seed_976279689;29173;Sort;1;Outer;;2908.234;2919.151;1235.8708978436366;1236.917958347554;pattern
Q18_120_seed_976279689;29172;Limit;0;;;3023.668;3034.585;2099.510896604095;2103.359396604094;operator
Q18_131_seed_1066524030;29376;Index Scan;11;Outer;;0.082;2148.702;0.07685726609716476;0.027654173960236478;operator
Q18_131_seed_1066524030;29375;Aggregate;10;Outer;;550.616;2643.509;902.6324820439957;957.2433956890593;operator
Q18_131_seed_1066524030;29373;Seq Scan;9;Outer;;0.207;197.672;0.44217325160783316;153.20546737721503;operator
Q18_131_seed_1066524030;29374;Hash;9;Inner;;2643.555;2643.556;181.40007234347246;181.40029632215345;operator
Q18_131_seed_1066524030;29372;Hash Join;8;Outer;;2742.442;2870.21;138.19956176297063;725.7413266239652;operator
Q18_131_seed_1066524030;29378;Seq Scan;8;Outer;;0.051;53.398;0.0891855569261294;9.931672895698853;operator
Q18_131_seed_1066524030;29371;Sort;7;Outer;;2870.22;2870.222;1016.3484049694355;1017.439962586687;operator
Q18_131_seed_1066524030;29377;Sort;7;Inner;;62.687;65.255;986.7590127642712;987.7931566361895;operator
Q18_131_seed_1066524030;29370;Merge Join;6;Outer;;2935.366;2938.523;2908.905754614174;2910.6811611472067;operator
Q18_131_seed_1066524030;29379;Index Scan;6;Inner;;0.022;0.023;0.022345194232160026;0.027654173960236478;operator
Q18_131_seed_1066524030;29369;Nested Loop;5;Outer;;2935.405;2938.59;275.00753350298476;1366.3462316894643;operator
Q18_131_seed_1066524030;29368;Incremental Sort;4;Outer;;2938.631;2938.632;2910.9434586514226;2910.9459586514226;operator
Q18_131_seed_1066524030;29367;Gather Merge;3;Outer;;2949.664;2960.846;1328.3509828704907;1396.914844584652;operator
Q18_131_seed_1066524030;29365;Sort;1;Outer;;2949.722;2960.901;1235.8708978436366;1236.917958347554;pattern
Q18_131_seed_1066524030;29364;Limit;0;;;3071.366;3082.546;2099.510896604095;2103.359396604094;operator
Q18_137_seed_1115748216;29472;Index Scan;11;Outer;;0.081;2116.866;0.07685726609716476;0.027654173960236478;operator
Q18_137_seed_1115748216;29471;Aggregate;10;Outer;;546.773;2615.137;902.6324820439957;957.2433956890593;operator
Q18_137_seed_1115748216;29469;Seq Scan;9;Outer;;0.203;187.946;0.44217325160783316;153.20546737721503;operator
Q18_137_seed_1115748216;29470;Hash;9;Inner;;2615.177;2615.178;181.40007234347246;181.40029632215345;operator
Q18_137_seed_1115748216;29468;Hash Join;8;Outer;;2732.365;2832.332;138.19956176297063;725.7413266239652;operator
Q18_137_seed_1115748216;29474;Seq Scan;8;Outer;;0.049;53.967;0.0891855569261294;9.931672895698853;operator
Q18_137_seed_1115748216;29467;Sort;7;Outer;;2832.343;2832.344;1016.3484049694355;1017.439962586687;operator
Q18_137_seed_1115748216;29473;Sort;7;Inner;;63.249;64.954;986.7590127642712;987.7931566361895;operator
Q18_137_seed_1115748216;29466;Merge Join;6;Outer;;2881.416;2882.542;2908.905754614174;2910.6811611472067;operator
Q18_137_seed_1115748216;29475;Index Scan;6;Inner;;0.02;0.021;0.022345194232160026;0.027654173960236478;operator
Q18_137_seed_1115748216;29465;Nested Loop;5;Outer;;2881.443;2882.595;275.00753350298476;1366.3462316894643;operator
Q18_137_seed_1115748216;29464;Incremental Sort;4;Outer;;2882.64;2882.641;2910.9434586514226;2910.9459586514226;operator
Q18_137_seed_1115748216;29463;Gather Merge;3;Outer;;2912.579;2919.02;1328.3509828704907;1396.914844584652;operator
Q18_137_seed_1115748216;29461;Sort;1;Outer;;2912.641;2919.078;1235.8708978436366;1236.917958347554;pattern
Q18_137_seed_1115748216;29460;Limit;0;;;3031.177;3037.615;2099.510896604095;2103.359396604094;operator
Q18_142_seed_1156768371;29568;Index Scan;11;Outer;;0.081;2100.503;0.07685726609716476;0.027654173960236478;operator
Q18_142_seed_1156768371;29567;Aggregate;10;Outer;;550.865;2602.231;902.6324820439957;957.2433956890593;operator
Q18_142_seed_1156768371;29565;Seq Scan;9;Outer;;0.193;192.537;0.44217325160783316;153.20546737721503;operator
Q18_142_seed_1156768371;29566;Hash;9;Inner;;2602.268;2602.268;181.40007234347246;181.40029632215345;operator
Q18_142_seed_1156768371;29564;Hash Join;8;Outer;;2693.61;2824.264;138.19956176297063;725.7413266239652;operator
Q18_142_seed_1156768371;29570;Seq Scan;8;Outer;;0.049;54.596;0.0891855569261294;9.931672895698853;operator
Q18_142_seed_1156768371;29563;Sort;7;Outer;;2824.274;2824.276;1016.3484049694355;1017.439962586687;operator
Q18_142_seed_1156768371;29569;Sort;7;Inner;;64.951;67.148;986.7590127642712;987.7931566361895;operator
Q18_142_seed_1156768371;29562;Merge Join;6;Outer;;2892.736;2894.104;2908.905754614174;2910.6811611472067;operator
Q18_142_seed_1156768371;29571;Index Scan;6;Inner;;0.024;0.025;0.022345194232160026;0.027654173960236478;operator
Q18_142_seed_1156768371;29561;Nested Loop;5;Outer;;2892.778;2894.171;275.00753350298476;1366.3462316894643;operator
Q18_142_seed_1156768371;29560;Incremental Sort;4;Outer;;2894.226;2894.228;2910.9434586514226;2910.9459586514226;operator
Q18_142_seed_1156768371;29559;Gather Merge;3;Outer;;2908.065;2914.293;1328.3509828704907;1396.914844584652;operator
Q18_142_seed_1156768371;29557;Sort;1;Outer;;2908.139;2914.362;1235.8708978436366;1236.917958347554;pattern
Q18_142_seed_1156768371;29556;Limit;0;;;3023.389;3029.613;2099.510896604095;2103.359396604094;operator
Q18_146_seed_1189584495;29632;Index Scan;11;Outer;;0.085;2112.645;0.07685726609716476;0.027654173960236478;operator
Q18_146_seed_1189584495;29631;Aggregate;10;Outer;;546.225;2602.696;902.6324820439957;957.2433956890593;operator
Q18_146_seed_1189584495;29629;Seq Scan;9;Outer;;0.217;195.823;0.44217325160783316;153.20546737721503;operator
Q18_146_seed_1189584495;29630;Hash;9;Inner;;2602.73;2602.73;181.40007234347246;181.40029632215345;operator
Q18_146_seed_1189584495;29628;Hash Join;8;Outer;;2681.337;2828.154;138.19956176297063;725.7413266239652;operator
Q18_146_seed_1189584495;29634;Seq Scan;8;Outer;;0.046;54.04;0.0891855569261294;9.931672895698853;operator
Q18_146_seed_1189584495;29627;Sort;7;Outer;;2828.168;2828.169;1016.3484049694355;1017.439962586687;operator
Q18_146_seed_1189584495;29633;Sort;7;Inner;;63.299;65.552;986.7590127642712;987.7931566361895;operator
Q18_146_seed_1189584495;29626;Merge Join;6;Outer;;2894.617;2896.443;2908.905754614174;2910.6811611472067;operator
Q18_146_seed_1189584495;29635;Index Scan;6;Inner;;0.021;0.022;0.022345194232160026;0.027654173960236478;operator
Q18_146_seed_1189584495;29625;Nested Loop;5;Outer;;2894.658;2896.503;275.00753350298476;1366.3462316894643;operator
Q18_146_seed_1189584495;29624;Incremental Sort;4;Outer;;2896.553;2896.555;2910.9434586514226;2910.9459586514226;operator
Q18_146_seed_1189584495;29623;Gather Merge;3;Outer;;2909.493;2915.1;1328.3509828704907;1396.914844584652;operator
Q18_146_seed_1189584495;29621;Sort;1;Outer;;2909.55;2915.155;1235.8708978436366;1236.917958347554;pattern
Q18_146_seed_1189584495;29620;Limit;0;;;3021.256;3026.861;2099.510896604095;2103.359396604094;operator
Q18_14_seed_106652403;29696;Index Scan;11;Outer;;0.037;2130.488;0.07685726609716476;0.027654173960236478;operator
Q18_14_seed_106652403;29695;Aggregate;10;Outer;;549.273;2627.771;902.6324820439957;957.2433956890593;operator
Q18_14_seed_106652403;29693;Seq Scan;9;Outer;;0.207;196.07;0.44217325160783316;153.20546737721503;operator
Q18_14_seed_106652403;29694;Hash;9;Inner;;2627.815;2627.815;181.40007234347246;181.40029632215345;operator
Q18_14_seed_106652403;29692;Hash Join;8;Outer;;2724.158;2851.439;138.19956176297063;725.7413266239652;operator
Q18_14_seed_106652403;29698;Seq Scan;8;Outer;;0.036;54.034;0.0891855569261294;9.931672895698853;operator
Q18_14_seed_106652403;29691;Sort;7;Outer;;2851.449;2851.45;1016.3484049694355;1017.439962586687;operator
Q18_14_seed_106652403;29697;Sort;7;Inner;;63.505;65.568;986.7590127642712;987.7931566361895;operator
Q18_14_seed_106652403;29690;Merge Join;6;Outer;;2918.11;2919.508;2908.905754614174;2910.6811611472067;operator
Q18_14_seed_106652403;29699;Index Scan;6;Inner;;0.021;0.022;0.022345194232160026;0.027654173960236478;operator
Q18_14_seed_106652403;29689;Nested Loop;5;Outer;;2918.147;2919.567;275.00753350298476;1366.3462316894643;operator
Q18_14_seed_106652403;29688;Incremental Sort;4;Outer;;2919.611;2919.613;2910.9434586514226;2910.9459586514226;operator
Q18_14_seed_106652403;29687;Gather Merge;3;Outer;;2931.892;2938.294;1328.3509828704907;1396.914844584652;operator
Q18_14_seed_106652403;29685;Sort;1;Outer;;2931.949;2938.348;1235.8708978436366;1236.917958347554;pattern
Q18_14_seed_106652403;29684;Limit;0;;;3044.681;3051.081;2099.510896604095;2103.359396604094;operator
Q18_16_seed_123060465;29744;Index Scan;11;Outer;;0.08;2115.88;0.07685726609716476;0.027654173960236478;operator
Q18_16_seed_123060465;29743;Aggregate;10;Outer;;542.24;2608.958;902.6324820439957;957.2433956890593;operator
Q18_16_seed_123060465;29741;Seq Scan;9;Outer;;0.221;204.986;0.44217325160783316;153.20546737721503;operator
Q18_16_seed_123060465;29742;Hash;9;Inner;;2608.997;2608.997;181.40007234347246;181.40029632215345;operator
Q18_16_seed_123060465;29740;Hash Join;8;Outer;;2721.336;2844.751;138.19956176297063;725.7413266239652;operator
Q18_16_seed_123060465;29746;Seq Scan;8;Outer;;0.04;54.554;0.0891855569261294;9.931672895698853;operator
Q18_16_seed_123060465;29739;Sort;7;Outer;;2844.762;2844.763;1016.3484049694355;1017.439962586687;operator
Q18_16_seed_123060465;29745;Sort;7;Inner;;63.62;66.121;986.7590127642712;987.7931566361895;operator
Q18_16_seed_123060465;29738;Merge Join;6;Outer;;2894.149;2896.555;2908.905754614174;2910.6811611472067;operator
Q18_16_seed_123060465;29747;Index Scan;6;Inner;;0.02;0.02;0.022345194232160026;0.027654173960236478;operator
Q18_16_seed_123060465;29737;Nested Loop;5;Outer;;2894.173;2896.607;275.00753350298476;1366.3462316894643;operator
Q18_16_seed_123060465;29736;Incremental Sort;4;Outer;;2896.663;2896.665;2910.9434586514226;2910.9459586514226;operator
Q18_16_seed_123060465;29735;Gather Merge;3;Outer;;2924.917;2931.431;1328.3509828704907;1396.914844584652;operator
Q18_16_seed_123060465;29733;Sort;1;Outer;;2924.992;2931.501;1235.8708978436366;1236.917958347554;pattern
Q18_16_seed_123060465;29732;Limit;0;;;3045.278;3051.789;2099.510896604095;2103.359396604094;operator
Q18_18_seed_139468527;29776;Index Scan;11;Outer;;0.084;2100.996;0.07685726609716476;0.027654173960236478;operator
Q18_18_seed_139468527;29775;Aggregate;10;Outer;;544.204;2600.782;902.6324820439957;957.2433956890593;operator
Q18_18_seed_139468527;29773;Seq Scan;9;Outer;;0.233;201.34;0.44217325160783316;153.20546737721503;operator
Q18_18_seed_139468527;29774;Hash;9;Inner;;2600.827;2600.827;181.40007234347246;181.40029632215345;operator
Q18_18_seed_139468527;29772;Hash Join;8;Outer;;2722.615;2829.823;138.19956176297063;725.7413266239652;operator
Q18_18_seed_139468527;29778;Seq Scan;8;Outer;;0.054;59.31;0.0891855569261294;9.931672895698853;operator
Q18_18_seed_139468527;29771;Sort;7;Outer;;2829.836;2829.837;1016.3484049694355;1017.439962586687;operator
Q18_18_seed_139468527;29777;Sort;7;Inner;;68.803;71.462;986.7590127642712;987.7931566361895;operator
Q18_18_seed_139468527;29770;Merge Join;6;Outer;;2883.973;2885.756;2908.905754614174;2910.6811611472067;operator
Q18_18_seed_139468527;29779;Index Scan;6;Inner;;0.016;0.017;0.022345194232160026;0.027654173960236478;operator
Q18_18_seed_139468527;29769;Nested Loop;5;Outer;;2883.996;2885.805;275.00753350298476;1366.3462316894643;operator
Q18_18_seed_139468527;29768;Incremental Sort;4;Outer;;2885.85;2885.852;2910.9434586514226;2910.9459586514226;operator
Q18_18_seed_139468527;29767;Gather Merge;3;Outer;;2915.241;2922.089;1328.3509828704907;1396.914844584652;operator
Q18_18_seed_139468527;29765;Sort;1;Outer;;2915.305;2922.15;1235.8708978436366;1236.917958347554;pattern
Q18_18_seed_139468527;29764;Limit;0;;;3032.208;3039.054;2099.510896604095;2103.359396604094;operator
Q18_28_seed_221508837;29952;Index Scan;11;Outer;;0.082;2139.343;0.07685726609716476;0.027654173960236478;operator
Q18_28_seed_221508837;29951;Aggregate;10;Outer;;542.522;2632.65;902.6324820439957;957.2433956890593;operator
Q18_28_seed_221508837;29949;Seq Scan;9;Outer;;0.225;202.592;0.44217325160783316;153.20546737721503;operator
Q18_28_seed_221508837;29950;Hash;9;Inner;;2632.691;2632.691;181.40007234347246;181.40029632215345;operator
Q18_28_seed_221508837;29948;Hash Join;8;Outer;;2748.327;2866.911;138.19956176297063;725.7413266239652;operator
Q18_28_seed_221508837;29954;Seq Scan;8;Outer;;0.082;52.238;0.0891855569261294;9.931672895698853;operator
Q18_28_seed_221508837;29947;Sort;7;Outer;;2866.921;2866.923;1016.3484049694355;1017.439962586687;operator
Q18_28_seed_221508837;29953;Sort;7;Inner;;61.053;63.544;986.7590127642712;987.7931566361895;operator
Q18_28_seed_221508837;29946;Merge Join;6;Outer;;2914.428;2916.744;2908.905754614174;2910.6811611472067;operator
Q18_28_seed_221508837;29955;Index Scan;6;Inner;;0.018;0.019;0.022345194232160026;0.027654173960236478;operator
Q18_28_seed_221508837;29945;Nested Loop;5;Outer;;2914.454;2916.794;275.00753350298476;1366.3462316894643;operator
Q18_28_seed_221508837;29944;Incremental Sort;4;Outer;;2916.844;2916.846;2910.9434586514226;2910.9459586514226;operator
Q18_28_seed_221508837;29943;Gather Merge;3;Outer;;2944.181;2950.394;1328.3509828704907;1396.914844584652;operator
Q18_28_seed_221508837;29941;Sort;1;Outer;;2944.24;2950.449;1235.8708978436366;1236.917958347554;pattern
Q18_28_seed_221508837;29940;Limit;0;;;3058.613;3064.823;2099.510896604095;2103.359396604094;operator
Q18_37_seed_295345116;30112;Index Scan;11;Outer;;0.146;2139.261;0.07685726609716476;0.027654173960236478;operator
Q18_37_seed_295345116;30111;Aggregate;10;Outer;;551.635;2629.193;902.6324820439957;957.2433956890593;operator
Q18_37_seed_295345116;30109;Seq Scan;9;Outer;;0.249;198.834;0.44217325160783316;153.20546737721503;operator
Q18_37_seed_295345116;30110;Hash;9;Inner;;2629.227;2629.228;181.40007234347246;181.40029632215345;operator
Q18_37_seed_295345116;30108;Hash Join;8;Outer;;2738.774;2858.132;138.19956176297063;725.7413266239652;operator
Q18_37_seed_295345116;30114;Seq Scan;8;Outer;;0.042;53.19;0.0891855569261294;9.931672895698853;operator
Q18_37_seed_295345116;30107;Sort;7;Outer;;2858.139;2858.141;1016.3484049694355;1017.439962586687;operator
Q18_37_seed_295345116;30113;Sort;7;Inner;;65.625;67.689;986.7590127642712;987.7931566361895;operator
Q18_37_seed_295345116;30106;Merge Join;6;Outer;;2927.006;2928.264;2908.905754614174;2910.6811611472067;operator
Q18_37_seed_295345116;30115;Index Scan;6;Inner;;0.021;0.022;0.022345194232160026;0.027654173960236478;operator
Q18_37_seed_295345116;30105;Nested Loop;5;Outer;;2927.043;2928.323;275.00753350298476;1366.3462316894643;operator
Q18_37_seed_295345116;30104;Incremental Sort;4;Outer;;2928.364;2928.366;2910.9434586514226;2910.9459586514226;operator
Q18_37_seed_295345116;30103;Gather Merge;3;Outer;;2940.449;2947.996;1328.3509828704907;1396.914844584652;operator
Q18_37_seed_295345116;30101;Sort;1;Outer;;2940.511;2948.056;1235.8708978436366;1236.917958347554;pattern
Q18_37_seed_295345116;30100;Limit;0;;;3057.198;3064.743;2099.510896604095;2103.359396604094;operator
Q18_3_seed_16408062;30160;Index Scan;11;Outer;;0.092;2143.321;0.07685726609716476;0.027654173960236478;operator
Q18_3_seed_16408062;30159;Aggregate;10;Outer;;549.973;2645.456;902.6324820439957;957.2433956890593;operator
Q18_3_seed_16408062;30157;Seq Scan;9;Outer;;0.234;194.256;0.44217325160783316;153.20546737721503;operator
Q18_3_seed_16408062;30158;Hash;9;Inner;;2645.496;2645.497;181.40007234347246;181.40029632215345;operator
Q18_3_seed_16408062;30156;Hash Join;8;Outer;;2768.265;2871.027;138.19956176297063;725.7413266239652;operator
Q18_3_seed_16408062;30162;Seq Scan;8;Outer;;0.051;55.535;0.0891855569261294;9.931672895698853;operator
Q18_3_seed_16408062;30155;Sort;7;Outer;;2871.036;2871.037;1016.3484049694355;1017.439962586687;operator
Q18_3_seed_16408062;30161;Sort;7;Inner;;64.771;67.128;986.7590127642712;987.7931566361895;operator
Q18_3_seed_16408062;30154;Merge Join;6;Outer;;2921.559;2923.429;2908.905754614174;2910.6811611472067;operator
Q18_3_seed_16408062;30163;Index Scan;6;Inner;;0.018;0.019;0.022345194232160026;0.027654173960236478;operator
Q18_3_seed_16408062;30153;Nested Loop;5;Outer;;2921.587;2923.479;275.00753350298476;1366.3462316894643;operator
Q18_3_seed_16408062;30152;Incremental Sort;4;Outer;;2923.53;2923.531;2910.9434586514226;2910.9459586514226;operator
Q18_3_seed_16408062;30151;Gather Merge;3;Outer;;2952.163;2957.937;1328.3509828704907;1396.914844584652;operator
Q18_3_seed_16408062;30149;Sort;1;Outer;;2952.227;2957.998;1235.8708978436366;1236.917958347554;pattern
Q18_3_seed_16408062;30148;Limit;0;;;3063.362;3069.134;2099.510896604095;2103.359396604094;operator
Q18_40_seed_319957209;30176;Index Scan;11;Outer;;0.083;2104.598;0.07685726609716476;0.027654173960236478;operator
Q18_40_seed_319957209;30175;Aggregate;10;Outer;;538.806;2603.646;902.6324820439957;957.2433956890593;operator
Q18_40_seed_319957209;30173;Seq Scan;9;Outer;;0.214;193.041;0.44217325160783316;153.20546737721503;operator
Q18_40_seed_319957209;30174;Hash;9;Inner;;2603.688;2603.689;181.40007234347246;181.40029632215345;operator
Q18_40_seed_319957209;30172;Hash Join;8;Outer;;2707.253;2826.492;138.19956176297063;725.7413266239652;operator
Q18_40_seed_319957209;30178;Seq Scan;8;Outer;;0.061;52.662;0.0891855569261294;9.931672895698853;operator
Q18_40_seed_319957209;30171;Sort;7;Outer;;2826.505;2826.506;1016.3484049694355;1017.439962586687;operator
Q18_40_seed_319957209;30177;Sort;7;Inner;;61.732;63.812;986.7590127642712;987.7931566361895;operator
Q18_40_seed_319957209;30170;Merge Join;6;Outer;;2874.76;2876.19;2908.905754614174;2910.6811611472067;operator
Q18_40_seed_319957209;30179;Index Scan;6;Inner;;0.02;0.021;0.022345194232160026;0.027654173960236478;operator
Q18_40_seed_319957209;30169;Nested Loop;5;Outer;;2874.788;2876.245;275.00753350298476;1366.3462316894643;operator
Q18_40_seed_319957209;30168;Incremental Sort;4;Outer;;2876.289;2876.291;2910.9434586514226;2910.9459586514226;operator
Q18_40_seed_319957209;30167;Gather Merge;3;Outer;;2905.046;2911.699;1328.3509828704907;1396.914844584652;operator
Q18_40_seed_319957209;30165;Sort;1;Outer;;2905.117;2911.769;1235.8708978436366;1236.917958347554;pattern
Q18_40_seed_319957209;30164;Limit;0;;;3019.577;3026.23;2099.510896604095;2103.359396604094;operator
Q18_45_seed_360977364;30256;Index Scan;11;Outer;;0.032;2126.228;0.07685726609716476;0.027654173960236478;operator
Q18_45_seed_360977364;30255;Aggregate;10;Outer;;571.672;2616.028;902.6324820439957;957.2433956890593;operator
Q18_45_seed_360977364;30253;Seq Scan;9;Outer;;0.201;202.105;0.44217325160783316;153.20546737721503;operator
Q18_45_seed_360977364;30254;Hash;9;Inner;;2616.071;2616.072;181.40007234347246;181.40029632215345;operator
Q18_45_seed_360977364;30252;Hash Join;8;Outer;;2736.984;2850.952;138.19956176297063;725.7413266239652;operator
Q18_45_seed_360977364;30258;Seq Scan;8;Outer;;0.047;53.466;0.0891855569261294;9.931672895698853;operator
Q18_45_seed_360977364;30251;Sort;7;Outer;;2850.965;2850.966;1016.3484049694355;1017.439962586687;operator
Q18_45_seed_360977364;30257;Sort;7;Inner;;62.542;64.984;986.7590127642712;987.7931566361895;operator
Q18_45_seed_360977364;30250;Merge Join;6;Outer;;2899.586;2901.823;2908.905754614174;2910.6811611472067;operator
Q18_45_seed_360977364;30259;Index Scan;6;Inner;;0.019;0.02;0.022345194232160026;0.027654173960236478;operator
Q18_45_seed_360977364;30249;Nested Loop;5;Outer;;2899.615;2901.874;275.00753350298476;1366.3462316894643;operator
Q18_45_seed_360977364;30248;Incremental Sort;4;Outer;;2901.918;2901.919;2910.9434586514226;2910.9459586514226;operator
Q18_45_seed_360977364;30247;Gather Merge;3;Outer;;2929.912;2936.054;1328.3509828704907;1396.914844584652;operator
Q18_45_seed_360977364;30245;Sort;1;Outer;;2929.977;2936.117;1235.8708978436366;1236.917958347554;pattern
Q18_45_seed_360977364;30244;Limit;0;;;3040.461;3046.601;2099.510896604095;2103.359396604094;operator
Q18_48_seed_385589457;30304;Index Scan;11;Outer;;0.081;2109.315;0.07685726609716476;0.027654173960236478;operator
Q18_48_seed_385589457;30303;Aggregate;10;Outer;;550.791;2610.853;902.6324820439957;957.2433956890593;operator
Q18_48_seed_385589457;30301;Seq Scan;9;Outer;;0.208;196.345;0.44217325160783316;153.20546737721503;operator
Q18_48_seed_385589457;30302;Hash;9;Inner;;2610.912;2610.913;181.40007234347246;181.40029632215345;operator
Q18_48_seed_385589457;30300;Hash Join;8;Outer;;2705.424;2833.155;138.19956176297063;725.7413266239652;operator
Q18_48_seed_385589457;30306;Seq Scan;8;Outer;;0.059;53.52;0.0891855569261294;9.931672895698853;operator
Q18_48_seed_385589457;30299;Sort;7;Outer;;2833.167;2833.168;1016.3484049694355;1017.439962586687;operator
Q18_48_seed_385589457;30305;Sort;7;Inner;;65.636;67.516;986.7590127642712;987.7931566361895;operator
Q18_48_seed_385589457;30298;Merge Join;6;Outer;;2901.194;2902.92;2908.905754614174;2910.6811611472067;operator
Q18_48_seed_385589457;30307;Index Scan;6;Inner;;0.021;0.022;0.022345194232160026;0.027654173960236478;operator
Q18_48_seed_385589457;30297;Nested Loop;5;Outer;;2901.227;2902.977;275.00753350298476;1366.3462316894643;operator
Q18_48_seed_385589457;30296;Incremental Sort;4;Outer;;2903.021;2903.023;2910.9434586514226;2910.9459586514226;operator
Q18_48_seed_385589457;30295;Gather Merge;3;Outer;;2918.946;2924.883;1328.3509828704907;1396.914844584652;operator
Q18_48_seed_385589457;30293;Sort;1;Outer;;2919.011;2924.944;1235.8708978436366;1236.917958347554;pattern
Q18_48_seed_385589457;30292;Limit;0;;;3031.141;3037.074;2099.510896604095;2103.359396604094;operator
Q18_63_seed_508649922;30576;Index Scan;11;Outer;;0.076;2117.148;0.07685726609716476;0.027654173960236478;operator
Q18_63_seed_508649922;30575;Aggregate;10;Outer;;542.483;2619.106;902.6324820439957;957.2433956890593;operator
Q18_63_seed_508649922;30573;Seq Scan;9;Outer;;0.249;186.192;0.44217325160783316;153.20546737721503;operator
Q18_63_seed_508649922;30574;Hash;9;Inner;;2619.131;2619.131;181.40007234347246;181.40029632215345;operator
Q18_63_seed_508649922;30572;Hash Join;8;Outer;;2716.345;2840.501;138.19956176297063;725.7413266239652;operator
Q18_63_seed_508649922;30578;Seq Scan;8;Outer;;0.047;53.513;0.0891855569261294;9.931672895698853;operator
Q18_63_seed_508649922;30571;Sort;7;Outer;;2840.509;2840.51;1016.3484049694355;1017.439962586687;operator
Q18_63_seed_508649922;30577;Sort;7;Inner;;63.025;65.56;986.7590127642712;987.7931566361895;operator
Q18_63_seed_508649922;30570;Merge Join;6;Outer;;2907.228;2909.085;2908.905754614174;2910.6811611472067;operator
Q18_63_seed_508649922;30579;Index Scan;6;Inner;;0.024;0.024;0.022345194232160026;0.027654173960236478;operator
Q18_63_seed_508649922;30569;Nested Loop;5;Outer;;2907.268;2909.149;275.00753350298476;1366.3462316894643;operator
Q18_63_seed_508649922;30568;Incremental Sort;4;Outer;;2909.194;2909.196;2910.9434586514226;2910.9459586514226;operator
Q18_63_seed_508649922;30567;Gather Merge;3;Outer;;2923.958;2932.851;1328.3509828704907;1396.914844584652;operator
Q18_63_seed_508649922;30565;Sort;1;Outer;;2924.019;2932.909;1235.8708978436366;1236.917958347554;pattern
Q18_63_seed_508649922;30564;Limit;0;;;3044.628;3053.518;2099.510896604095;2103.359396604094;operator
Q18_65_seed_525057984;30608;Index Scan;11;Outer;;0.084;2123.43;0.07685726609716476;0.027654173960236478;operator
Q18_65_seed_525057984;30607;Aggregate;10;Outer;;546.031;2635.611;902.6324820439957;957.2433956890593;operator
Q18_65_seed_525057984;30605;Seq Scan;9;Outer;;0.206;193.744;0.44217325160783316;153.20546737721503;operator
Q18_65_seed_525057984;30606;Hash;9;Inner;;2635.651;2635.652;181.40007234347246;181.40029632215345;operator
Q18_65_seed_525057984;30604;Hash Join;8;Outer;;2738.731;2856.682;138.19956176297063;725.7413266239652;operator
Q18_65_seed_525057984;30610;Seq Scan;8;Outer;;0.065;53.969;0.0891855569261294;9.931672895698853;operator
Q18_65_seed_525057984;30603;Sort;7;Outer;;2856.693;2856.695;1016.3484049694355;1017.439962586687;operator
Q18_65_seed_525057984;30609;Sort;7;Inner;;64.33;66.754;986.7590127642712;987.7931566361895;operator
Q18_65_seed_525057984;30602;Merge Join;6;Outer;;2924.315;2925.992;2908.905754614174;2910.6811611472067;operator
Q18_65_seed_525057984;30611;Index Scan;6;Inner;;0.023;0.023;0.022345194232160026;0.027654173960236478;operator
Q18_65_seed_525057984;30601;Nested Loop;5;Outer;;2924.353;2926.053;275.00753350298476;1366.3462316894643;operator
Q18_65_seed_525057984;30600;Incremental Sort;4;Outer;;2926.109;2926.111;2910.9434586514226;2910.9459586514226;operator
Q18_65_seed_525057984;30599;Gather Merge;3;Outer;;2940.441;2945.805;1328.3509828704907;1396.914844584652;operator
Q18_65_seed_525057984;30597;Sort;1;Outer;;2940.499;2945.861;1235.8708978436366;1236.917958347554;pattern
Q18_65_seed_525057984;30596;Limit;0;;;3058.477;3063.839;2099.510896604095;2103.359396604094;operator
Q18_67_seed_541466046;30640;Index Scan;11;Outer;;0.034;2111.996;0.07685726609716476;0.027654173960236478;operator
Q18_67_seed_541466046;30639;Aggregate;10;Outer;;568.266;2628.441;902.6324820439957;957.2433956890593;operator
Q18_67_seed_541466046;30637;Seq Scan;9;Outer;;0.205;196.624;0.44217325160783316;153.20546737721503;operator
Q18_67_seed_541466046;30638;Hash;9;Inner;;2628.479;2628.48;181.40007234347246;181.40029632215345;operator
Q18_67_seed_541466046;30636;Hash Join;8;Outer;;2707.245;2854.833;138.19956176297063;725.7413266239652;operator
Q18_67_seed_541466046;30642;Seq Scan;8;Outer;;0.049;52.65;0.0891855569261294;9.931672895698853;operator
Q18_67_seed_541466046;30635;Sort;7;Outer;;2854.845;2854.847;1016.3484049694355;1017.439962586687;operator
Q18_67_seed_541466046;30641;Sort;7;Inner;;62.132;64.716;986.7590127642712;987.7931566361895;operator
Q18_67_seed_541466046;30634;Merge Join;6;Outer;;2919.569;2922.659;2908.905754614174;2910.6811611472067;operator
Q18_67_seed_541466046;30643;Index Scan;6;Inner;;0.024;0.025;0.022345194232160026;0.027654173960236478;operator
Q18_67_seed_541466046;30633;Nested Loop;5;Outer;;2919.613;2922.726;275.00753350298476;1366.3462316894643;operator
Q18_67_seed_541466046;30632;Incremental Sort;4;Outer;;2922.776;2922.778;2910.9434586514226;2910.9459586514226;operator
Q18_67_seed_541466046;30631;Gather Merge;3;Outer;;2933.603;2942.74;1328.3509828704907;1396.914844584652;operator
Q18_67_seed_541466046;30629;Sort;1;Outer;;2933.664;2942.798;1235.8708978436366;1236.917958347554;pattern
Q18_67_seed_541466046;30628;Limit;0;;;3055.996;3065.131;2099.510896604095;2103.359396604094;operator
Q18_81_seed_656322480;30896;Index Scan;11;Outer;;0.076;2135.977;0.07685726609716476;0.027654173960236478;operator
Q18_81_seed_656322480;30895;Aggregate;10;Outer;;541.727;2621.135;902.6324820439957;957.2433956890593;operator
Q18_81_seed_656322480;30893;Seq Scan;9;Outer;;0.206;198.941;0.44217325160783316;153.20546737721503;operator
Q18_81_seed_656322480;30894;Hash;9;Inner;;2621.162;2621.162;181.40007234347246;181.40029632215345;operator
Q18_81_seed_656322480;30892;Hash Join;8;Outer;;2734.845;2849.437;138.19956176297063;725.7413266239652;operator
Q18_81_seed_656322480;30898;Seq Scan;8;Outer;;0.035;52.86;0.0891855569261294;9.931672895698853;operator
Q18_81_seed_656322480;30891;Sort;7;Outer;;2849.444;2849.445;1016.3484049694355;1017.439962586687;operator
Q18_81_seed_656322480;30897;Sort;7;Inner;;63.482;65.956;986.7590127642712;987.7931566361895;operator
Q18_81_seed_656322480;30890;Merge Join;6;Outer;;2899.032;2901.08;2908.905754614174;2910.6811611472067;operator
Q18_81_seed_656322480;30899;Index Scan;6;Inner;;0.019;0.02;0.022345194232160026;0.027654173960236478;operator
Q18_81_seed_656322480;30889;Nested Loop;5;Outer;;2899.058;2901.132;275.00753350298476;1366.3462316894643;operator
Q18_81_seed_656322480;30888;Incremental Sort;4;Outer;;2901.187;2901.189;2910.9434586514226;2910.9459586514226;operator
Q18_81_seed_656322480;30887;Gather Merge;3;Outer;;2932.087;2937.563;1328.3509828704907;1396.914844584652;operator
Q18_81_seed_656322480;30885;Sort;1;Outer;;2932.148;2937.622;1235.8708978436366;1236.917958347554;pattern
Q18_81_seed_656322480;30884;Limit;0;;;3050.352;3055.825;2099.510896604095;2103.359396604094;operator
Q18_86_seed_697342635;30976;Index Scan;11;Outer;;0.082;2119.471;0.07685726609716476;0.027654173960236478;operator
Q18_86_seed_697342635;30975;Aggregate;10;Outer;;549.525;2620.749;902.6324820439957;957.2433956890593;operator
Q18_86_seed_697342635;30973;Seq Scan;9;Outer;;0.241;189.687;0.44217325160783316;153.20546737721503;operator
Q18_86_seed_697342635;30974;Hash;9;Inner;;2620.8;2620.801;181.40007234347246;181.40029632215345;operator
Q18_86_seed_697342635;30972;Hash Join;8;Outer;;2723.658;2841.213;138.19956176297063;725.7413266239652;operator
Q18_86_seed_697342635;30978;Seq Scan;8;Outer;;0.048;54.11;0.0891855569261294;9.931672895698853;operator
Q18_86_seed_697342635;30971;Sort;7;Outer;;2841.223;2841.225;1016.3484049694355;1017.439962586687;operator
Q18_86_seed_697342635;30977;Sort;7;Inner;;63.891;66.026;986.7590127642712;987.7931566361895;operator
Q18_86_seed_697342635;30970;Merge Join;6;Outer;;2907.881;2909.767;2908.905754614174;2910.6811611472067;operator
Q18_86_seed_697342635;30979;Index Scan;6;Inner;;0.02;0.021;0.022345194232160026;0.027654173960236478;operator
Q18_86_seed_697342635;30969;Nested Loop;5;Outer;;2907.917;2909.827;275.00753350298476;1366.3462316894643;operator
Q18_86_seed_697342635;30968;Incremental Sort;4;Outer;;2909.884;2909.886;2910.9434586514226;2910.9459586514226;operator
Q18_86_seed_697342635;30967;Gather Merge;3;Outer;;2921.283;2927.603;1328.3509828704907;1396.914844584652;operator
Q18_86_seed_697342635;30965;Sort;1;Outer;;2921.345;2927.662;1235.8708978436366;1236.917958347554;pattern
Q18_86_seed_697342635;30964;Limit;0;;;3037.802;3044.119;2099.510896604095;2103.359396604094;operator
Q18_88_seed_713750697;31008;Index Scan;11;Outer;;0.079;2105.094;0.07685726609716476;0.027654173960236478;operator
Q18_88_seed_713750697;31007;Aggregate;10;Outer;;543.296;2607.776;902.6324820439957;957.2433956890593;operator
Q18_88_seed_713750697;31005;Seq Scan;9;Outer;;0.204;189.151;0.44217325160783316;153.20546737721503;operator
Q18_88_seed_713750697;31006;Hash;9;Inner;;2607.851;2607.851;181.40007234347246;181.40029632215345;operator
Q18_88_seed_713750697;31004;Hash Join;8;Outer;;2711.132;2826.098;138.19956176297063;725.7413266239652;operator
Q18_88_seed_713750697;31010;Seq Scan;8;Outer;;0.052;53.135;0.0891855569261294;9.931672895698853;operator
Q18_88_seed_713750697;31003;Sort;7;Outer;;2826.14;2826.141;1016.3484049694355;1017.439962586687;operator
Q18_88_seed_713750697;31009;Sort;7;Inner;;62.385;64.438;986.7590127642712;987.7931566361895;operator
Q18_88_seed_713750697;31002;Merge Join;6;Outer;;2890.994;2892.938;2908.905754614174;2910.6811611472067;operator
Q18_88_seed_713750697;31011;Index Scan;6;Inner;;0.023;0.025;0.022345194232160026;0.027654173960236478;operator
Q18_88_seed_713750697;31001;Nested Loop;5;Outer;;2891.035;2893.004;275.00753350298476;1366.3462316894643;operator
Q18_88_seed_713750697;31000;Incremental Sort;4;Outer;;2893.048;2893.05;2910.9434586514226;2910.9459586514226;operator
Q18_88_seed_713750697;30999;Gather Merge;3;Outer;;2905.487;2911.832;1328.3509828704907;1396.914844584652;operator
Q18_88_seed_713750697;30997;Sort;1;Outer;;2905.551;2911.893;1235.8708978436366;1236.917958347554;pattern
Q18_88_seed_713750697;30996;Limit;0;;;3024.939;3031.282;2099.510896604095;2103.359396604094;operator
Q19_100_seed_812199069;31224;Seq Scan;4;Outer;;0.666;742.415;3.27248162002934;717.6720963603725;operator
Q19_100_seed_812199069;31225;Hash;4;Inner;;47.841;47.842;18.04543063402297;16.391376482088024;pattern
Q19_100_seed_812199069;31223;Hash Join;3;Outer;;107.846;792.362;87.03595673580121;834.9620385878617;operator
Q19_100_seed_812199069;31220;Aggregate;0;;;805.465;810.867;819.0651226000207;824.8895761974012;pattern
Q19_104_seed_845015193;31252;Seq Scan;4;Outer;;1.08;759.894;3.2725138738936637;717.6721633551374;operator
Q19_104_seed_845015193;31253;Hash;4;Inner;;46.095;46.095;18.04543063402297;16.391376482088024;pattern
Q19_104_seed_845015193;31251;Hash Join;3;Outer;;106.212;807.895;87.035979084683;834.9621706086773;operator
Q19_104_seed_845015193;31248;Aggregate;0;;;822.266;827.399;819.0651251942743;824.889578791349;pattern
Q19_110_seed_894239379;31301;Seq Scan;4;Outer;;0.708;796.112;3.2725891326443954;717.6723195821596;operator
Q19_110_seed_894239379;31302;Hash;4;Inner;;45.423;45.423;18.04543063402297;16.391376482088024;pattern
Q19_110_seed_894239379;31300;Hash Join;3;Outer;;63.356;843.163;87.03601250649223;834.9624748133867;operator
Q19_110_seed_894239379;31297;Aggregate;0;;;857.167;863.263;819.0651308926376;824.8895844888539;pattern
Q19_112_seed_910647441;31315;Seq Scan;4;Outer;;0.718;745.013;3.272563022510724;717.6722653958661;operator
Q19_112_seed_910647441;31316;Hash;4;Inner;;50.066;50.066;18.04543063402297;16.391376482088024;pattern
Q19_112_seed_910647441;31314;Hash Join;3;Outer;;67.047;796.996;87.03597567832469;834.9623641800986;operator
Q19_112_seed_910647441;31311;Aggregate;0;;;809.195;814.887;819.065128438902;824.8895820352205;pattern
Q19_120_seed_976279689;31378;Seq Scan;4;Outer;;0.346;732.192;3.272489299525023;717.6721123137045;operator
Q19_120_seed_976279689;31379;Hash;4;Inner;;46.395;46.395;18.04543063402297;16.391376482088024;pattern
Q19_120_seed_976279689;31377;Hash Join;3;Outer;;93.893;780.383;87.0359526904725;834.9620681288052;operator
Q19_120_seed_976279689;31374;Aggregate;0;;;793.647;799.592;819.065123040693;824.8895766379281;pattern
Q19_131_seed_1066524030;31462;Seq Scan;4;Outer;;0.556;781.446;3.272615242739283;717.672373752594;operator
Q19_131_seed_1066524030;31463;Hash;4;Inner;;48.87;48.87;18.04543063402297;16.391376482088024;pattern
Q19_131_seed_1066524030;31461;Hash Join;3;Outer;;92.36;832.326;87.03599875772333;834.962575210598;operator
Q19_131_seed_1066524030;31458;Aggregate;0;;;844.804;850.208;819.0651323902939;824.8895859860161;pattern
Q19_137_seed_1115748216;31504;Seq Scan;4;Outer;;0.718;735.23;3.272535376430608;717.6722080048676;operator
Q19_137_seed_1115748216;31505;Hash;4;Inner;;45.031;45.031;18.04543063402297;16.391376482088024;pattern
Q19_137_seed_1115748216;31503;Hash Join;3;Outer;;88.804;782.009;87.03596213944607;834.962252175393;operator
Q19_137_seed_1115748216;31500;Aggregate;0;;;796.889;801.907;819.0651263217669;824.8895799183911;pattern
Q19_142_seed_1156768371;31546;Seq Scan;4;Outer;;0.658;769.072;3.2725660942937345;717.6722717715477;operator
Q19_142_seed_1156768371;31547;Hash;4;Inner;;47.776;47.776;18.04543063402297;16.391376482088024;pattern
Q19_142_seed_1156768371;31545;Hash Join;3;Outer;;60.748;818.868;87.03596844082637;834.9623748568232;operator
Q19_142_seed_1156768371;31542;Aggregate;0;;;832.544;837.76;819.0651285089051;824.889582105122;pattern
Q19_146_seed_1189584495;31574;Seq Scan;4;Outer;;0.857;782.876;3.2724708687270834;717.6720740234116;operator
Q19_146_seed_1189584495;31575;Hash;4;Inner;;48.008;48.009;18.04543063402297;16.391376482088024;pattern
Q19_146_seed_1189584495;31573;Hash Join;3;Outer;;70.248;832.42;87.03593992024686;834.9619926838096;operator
Q19_146_seed_1189584495;31570;Aggregate;0;;;846.734;852.35;819.0651215581944;824.8895751556043;pattern
Q19_14_seed_106652403;31602;Seq Scan;4;Outer;;0.771;739.15;3.272536912326511;717.6722111937211;operator
Q19_14_seed_106652403;31603;Hash;4;Inner;;48.331;48.331;18.04543063402297;16.391376482088024;pattern
Q19_14_seed_106652403;31601;Hash Join;3;Outer;;106.783;789.72;87.03599504928164;834.9622649004042;operator
Q19_14_seed_106652403;31598;Aggregate;0;;;804.161;809.688;819.0651270471795;824.8895806440358;pattern
Q19_16_seed_123060465;31623;Seq Scan;4;Outer;;0.545;758.334;3.2725261610609224;717.6721888705886;operator
Q19_16_seed_123060465;31624;Hash;4;Inner;;46.546;46.546;18.04543063402297;16.391376482088024;pattern
Q19_16_seed_123060465;31622;Hash Join;3;Outer;;99.56;807.818;87.03595575351763;834.9622144593678;operator
Q19_16_seed_123060465;31619;Aggregate;0;;;823.803;829.606;819.0651255806147;824.8895791773263;pattern
Q19_18_seed_139468527;31637;Seq Scan;4;Outer;;0.563;761.063;3.272558414834749;717.6722558319357;operator
Q19_18_seed_139468527;31638;Hash;4;Inner;;46.102;46.102;18.04543063402297;16.391376482088024;pattern
Q19_18_seed_139468527;31636;Hash Join;3;Outer;;114.787;809.624;87.03598372470665;834.9623475966175;operator
Q19_18_seed_139468527;31633;Aggregate;0;;;823.132;828.954;819.0651282807858;824.8895818772351;pattern
Q19_28_seed_221508837;31714;Seq Scan;4;Outer;;0.499;787.179;3.272598347977945;717.6723387029481;operator
Q19_28_seed_221508837;31715;Hash;4;Inner;;45.66;45.66;18.04543063402297;16.391376482088024;pattern
Q19_28_seed_221508837;31713;Hash Join;3;Outer;;106.657;835.614;87.03599641426517;834.9625079761888;operator
Q19_28_seed_221508837;31710;Aggregate;0;;;851.335;857.189;819.0651312088078;824.8895848047625;pattern
Q19_37_seed_295345116;31784;Seq Scan;4;Outer;;0.823;783.401;3.272552271265516;717.6722430792615;operator
Q19_37_seed_295345116;31785;Hash;4;Inner;;47.084;47.084;18.04543063402297;16.391376482088024;pattern
Q19_37_seed_295345116;31783;Hash Join;3;Outer;;63.825;832.389;87.03597572062857;834.9623216971635;operator
Q19_37_seed_295345116;31780;Aggregate;0;;;847.142;852.079;819.0651277159054;824.8895813123839;pattern
Q19_3_seed_16408062;31805;Seq Scan;4;Outer;;0.353;756.44;3.2724908354273228;717.6721155042051;operator
Q19_3_seed_16408062;31806;Hash;4;Inner;;46.547;46.548;18.04543063402297;16.391376482088024;pattern
Q19_3_seed_16408062;31804;Hash Join;3;Outer;;79.958;805.014;87.03594064182414;834.962071764232;operator
Q19_3_seed_16408062;31801;Aggregate;0;;;820.57;826.035;819.065122916394;824.889576513513;pattern
Q19_40_seed_319957209;31812;Seq Scan;4;Outer;;0.435;770.837;3.272437078864847;717.6720038040214;operator
Q19_40_seed_319957209;31813;Hash;4;Inner;;44.511;44.511;18.04543063402297;16.391376482088024;pattern
Q19_40_seed_319957209;31811;Hash Join;3;Outer;;99.25;817.283;87.03591838297453;834.9618547344875;operator
Q19_40_seed_319957209;31808;Aggregate;0;;;830.586;836.345;819.0651188755013;824.8895724732463;pattern
Q19_45_seed_360977364;31847;Seq Scan;4;Outer;;0.433;793.583;3.27247240462723;717.6720772145682;operator
Q19_45_seed_360977364;31848;Hash;4;Inner;;45.556;45.556;18.04543063402297;16.391376482088024;pattern
Q19_45_seed_360977364;31846;Hash Join;3;Outer;;80.989;840.807;87.03593349134727;834.9619974559436;operator
Q19_45_seed_360977364;31843;Aggregate;0;;;854.923;860.85;819.0651215401169;824.8895751374544;pattern
Q19_48_seed_385589457;31868;Seq Scan;4;Outer;;0.341;777.422;3.2724785482291376;717.672089978658;operator
Q19_48_seed_385589457;31869;Hash;4;Inner;;46.673;46.674;18.04543063402297;16.391376482088024;pattern
Q19_48_seed_385589457;31867;Hash Join;3;Outer;;92.142;826.912;87.03591901537993;834.9620188168604;operator
Q19_48_seed_385589457;31864;Aggregate;0;;;841.354;847.037;819.0651216802352;824.8895752773692;pattern
Q19_63_seed_508649922;31987;Seq Scan;4;Outer;;1.1;785.767;3.272477012326585;717.6720867877214;operator
Q19_63_seed_508649922;31988;Hash;4;Inner;;44.996;44.996;18.04543063402297;16.391376482088024;pattern
Q19_63_seed_508649922;31986;Hash Join;3;Outer;;94.752;833.135;87.0359816422333;834.9620254082473;operator
Q19_63_seed_508649922;31983;Aggregate;0;;;849.74;854.027;819.0651227604758;824.8895763581176;pattern
Q19_65_seed_525057984;32001;Seq Scan;4;Outer;;0.456;768.751;3.272440150673467;717.6720101887047;operator
Q19_65_seed_525057984;32002;Hash;4;Inner;;45.996;45.996;18.04543063402297;16.391376482088024;pattern
Q19_65_seed_525057984;32000;Hash Join;3;Outer;;139.251;817.23;87.03592238438918;834.9618676892138;operator
Q19_65_seed_525057984;31997;Aggregate;0;;;831.521;837.098;819.0651191580166;824.8895727557469;pattern
Q19_67_seed_541466046;32015;Seq Scan;4;Outer;;0.431;721.979;3.272572237854703;717.6722845222555;operator
Q19_67_seed_541466046;32016;Hash;4;Inner;;46.8;46.801;18.04543063402297;16.391376482088024;pattern
Q19_67_seed_541466046;32014;Hash Join;3;Outer;;73.898;770.943;87.03598206484659;834.9624018914046;operator
Q19_67_seed_541466046;32011;Aggregate;0;;;787.557;791.109;819.0651291799833;824.8895827762145;pattern
Q19_81_seed_656322480;32127;Seq Scan;4;Outer;;0.433;766.928;3.2723925375679417;717.6719112015408;operator
Q19_81_seed_656322480;32128;Hash;4;Inner;;46.099;46.099;18.04543063402297;16.391376482088024;pattern
Q19_81_seed_656322480;32126;Hash Join;3;Outer;;96.692;814.889;87.03589689300584;834.9616742626268;operator
Q19_81_seed_656322480;32123;Aggregate;0;;;831.461;835.406;819.0651154692177;824.8895690674578;pattern
Q19_86_seed_697342635;32162;Seq Scan;4;Outer;;0.562;770.085;3.27248469182614;717.6721027418712;operator
Q19_86_seed_697342635;32163;Hash;4;Inner;;45.103;45.104;18.04543063402297;16.391376482088024;pattern
Q19_86_seed_697342635;32161;Hash Join;3;Outer;;87.153;817.223;87.0359382582669;834.9620469953161;operator
Q19_86_seed_697342635;32158;Aggregate;0;;;832.242;838.818;819.0651224576427;824.8895760548345;pattern
Q19_88_seed_713750697;32176;Seq Scan;4;Outer;;0.78;809.337;3.2724969790220984;717.6721282656611;operator
Q19_88_seed_713750697;32177;Hash;4;Inner;;48.494;48.494;18.04543063402297;16.391376482088024;pattern
Q19_88_seed_713750697;32175;Hash Join;3;Outer;;105.049;859.922;87.03594864524567;834.9620976689497;operator
Q19_88_seed_713750697;32172;Aggregate;0;;;875.061;880.352;819.0651234813533;824.8895770784432;pattern
