query_file;Sort_node_id;Sort_node_type;Sort_depth;Sort_parent_relationship;Sort_subplan_name;Sort_np;Sort_nt;Sort_nt1;Sort_nt2;Sort_sel;Sort_startup_cost;Sort_total_cost;Sort_plan_width;Sort_reltuples;Sort_parallel_workers;actual_startup_time;actual_total_time;HashJoin_Outer_node_id;HashJoin_Outer_node_type;HashJoin_Outer_depth;HashJoin_Outer_parent_relationship;HashJoin_Outer_subplan_name;HashJoin_Outer_np;HashJoin_Outer_nt;HashJoin_Outer_nt1;HashJoin_Outer_nt2;HashJoin_Outer_sel;HashJoin_Outer_startup_cost;HashJoin_Outer_total_cost;HashJoin_Outer_plan_width;HashJoin_Outer_reltuples;HashJoin_Outer_parallel_workers;NestedLoop_Outer_node_id;NestedLoop_Outer_node_type;NestedLoop_Outer_depth;NestedLoop_Outer_parent_relationship;NestedLoop_Outer_subplan_name;NestedLoop_Outer_np;NestedLoop_Outer_nt;NestedLoop_Outer_nt1;NestedLoop_Outer_nt2;NestedLoop_Outer_sel;NestedLoop_Outer_startup_cost;NestedLoop_Outer_total_cost;NestedLoop_Outer_plan_width;NestedLoop_Outer_reltuples;NestedLoop_Outer_parallel_workers;SeqScan_Outer_node_id;SeqScan_Outer_node_type;SeqScan_Outer_depth;SeqScan_Outer_parent_relationship;SeqScan_Outer_subplan_name;SeqScan_Outer_np;SeqScan_Outer_nt;SeqScan_Outer_nt1;SeqScan_Outer_nt2;SeqScan_Outer_sel;SeqScan_Outer_startup_cost;SeqScan_Outer_total_cost;SeqScan_Outer_plan_width;SeqScan_Outer_reltuples;SeqScan_Outer_parallel_workers;SeqScan_Outer_st1;SeqScan_Outer_rt1;SeqScan_Outer_st2;SeqScan_Outer_rt2;Hash_Inner_node_id;Hash_Inner_node_type;Hash_Inner_depth;Hash_Inner_parent_relationship;Hash_Inner_subplan_name;Hash_Inner_np;Hash_Inner_nt;Hash_Inner_nt1;Hash_Inner_nt2;Hash_Inner_sel;Hash_Inner_startup_cost;Hash_Inner_total_cost;Hash_Inner_plan_width;Hash_Inner_reltuples;Hash_Inner_parallel_workers;IndexScan_Inner_node_id;IndexScan_Inner_node_type;IndexScan_Inner_depth;IndexScan_Inner_parent_relationship;IndexScan_Inner_subplan_name;IndexScan_Inner_np;IndexScan_Inner_nt;IndexScan_Inner_nt1;IndexScan_Inner_nt2;IndexScan_Inner_sel;IndexScan_Inner_startup_cost;IndexScan_Inner_total_cost;IndexScan_Inner_plan_width;IndexScan_Inner_reltuples;IndexScan_Inner_parallel_workers;IndexScan_Inner_st1;IndexScan_Inner_rt1;IndexScan_Inner_st2;IndexScan_Inner_rt2
Q5_101_seed_820403100;6925;Sort;4;Outer;;0;2362;2362;0;1.0;56960.16;56966.07;116;0.0;0;1057.719;1057.755;6934;Hash Join;11;Outer;;0;5;25;1;0.2;1.07;2.4;108;0.0;0;6927;Nested Loop;6;Outer;;0;59037;14756;5;0.8001761995120629;4743.52;56044.88;128;0.0;0;6940;Seq Scan;7;Outer;;223;10000;0;0;1.0;0.0;323.0;8;10000.0;0;0.0;0.0;0.0;0.0;6939;Hash;6;Inner;;0;10000;10000;0;1.0;323.0;323.0;8;0.0;0;6938;Index Scan;7;Inner;;112600;5;0;0;8.331646174982899e-07;0.43;1.14;20;6001215.0;0;0.0;0.0;0.0;0.0
Q5_102_seed_828607131;6945;Sort;4;Outer;;0;2338;2338;0;1.0;56870.62;56876.47;116;0.0;0;1062.044;1062.08;6954;Hash Join;11;Outer;;0;5;25;1;0.2;1.07;2.4;108;0.0;0;6947;Nested Loop;6;Outer;;0;58459;14612;5;0.8001505611825896;4743.52;55959.89;128;0.0;0;6960;Seq Scan;7;Outer;;223;10000;0;0;1.0;0.0;323.0;8;10000.0;0;0.0;0.0;0.0;0.0;6959;Hash;6;Inner;;0;10000;10000;0;1.0;323.0;323.0;8;0.0;0;6958;Index Scan;7;Inner;;112600;5;0;0;8.331646174982899e-07;0.43;1.15;20;6001215.0;0;0.0;0.0;0.0;0.0
Q5_103_seed_836811162;6965;Sort;4;Outer;;0;2362;2362;0;1.0;56960.16;56966.07;116;0.0;0;1077.94;1077.975;6974;Hash Join;11;Outer;;0;5;25;1;0.2;1.07;2.4;108;0.0;0;6967;Nested Loop;6;Outer;;0;59037;14756;5;0.8001761995120629;4743.52;56044.88;128;0.0;0;6980;Seq Scan;7;Outer;;223;10000;0;0;1.0;0.0;323.0;8;10000.0;0;0.0;0.0;0.0;0.0;6979;Hash;6;Inner;;0;10000;10000;0;1.0;323.0;323.0;8;0.0;0;6978;Index Scan;7;Inner;;112600;5;0;0;8.331646174982899e-07;0.43;1.14;20;6001215.0;0;0.0;0.0;0.0;0.0
Q5_104_seed_845015193;6985;Sort;4;Outer;;0;2338;2338;0;1.0;56870.62;56876.47;116;0.0;0;1068.216;1068.25;6994;Hash Join;11;Outer;;0;5;25;1;0.2;1.07;2.4;108;0.0;0;6987;Nested Loop;6;Outer;;0;58459;14612;5;0.8001505611825896;4743.52;55959.89;128;0.0;0;7000;Seq Scan;7;Outer;;223;10000;0;0;1.0;0.0;323.0;8;10000.0;0;0.0;0.0;0.0;0.0;6999;Hash;6;Inner;;0;10000;10000;0;1.0;323.0;323.0;8;0.0;0;6998;Index Scan;7;Inner;;112600;5;0;0;8.331646174982899e-07;0.43;1.15;20;6001215.0;0;0.0;0.0;0.0;0.0
Q5_105_seed_853219224;7005;Sort;4;Outer;;0;2362;2362;0;1.0;56960.16;56966.07;116;0.0;0;1063.001;1063.035;7014;Hash Join;11;Outer;;0;5;25;1;0.2;1.07;2.4;108;0.0;0;7007;Nested Loop;6;Outer;;0;59037;14756;5;0.8001761995120629;4743.52;56044.88;128;0.0;0;7020;Seq Scan;7;Outer;;223;10000;0;0;1.0;0.0;323.0;8;10000.0;0;0.0;0.0;0.0;0.0;7019;Hash;6;Inner;;0;10000;10000;0;1.0;323.0;323.0;8;0.0;0;7018;Index Scan;7;Inner;;112600;5;0;0;8.331646174982899e-07;0.43;1.14;20;6001215.0;0;0.0;0.0;0.0;0.0
Q5_106_seed_861423255;7025;Sort;4;Outer;;0;2338;2338;0;1.0;56870.62;56876.47;116;0.0;0;1086.23;1086.267;7034;Hash Join;11;Outer;;0;5;25;1;0.2;1.07;2.4;108;0.0;0;7027;Nested Loop;6;Outer;;0;58459;14612;5;0.8001505611825896;4743.52;55959.89;128;0.0;0;7040;Seq Scan;7;Outer;;223;10000;0;0;1.0;0.0;323.0;8;10000.0;0;0.0;0.0;0.0;0.0;7039;Hash;6;Inner;;0;10000;10000;0;1.0;323.0;323.0;8;0.0;0;7038;Index Scan;7;Inner;;112600;5;0;0;8.331646174982899e-07;0.43;1.15;20;6001215.0;0;0.0;0.0;0.0;0.0
Q5_109_seed_886035348;7085;Sort;4;Outer;;0;2362;2362;0;1.0;56960.16;56966.07;116;0.0;0;1053.359;1053.399;7094;Hash Join;11;Outer;;0;5;25;1;0.2;1.07;2.4;108;0.0;0;7087;Nested Loop;6;Outer;;0;59037;14756;5;0.8001761995120629;4743.52;56044.88;128;0.0;0;7100;Seq Scan;7;Outer;;223;10000;0;0;1.0;0.0;323.0;8;10000.0;0;0.0;0.0;0.0;0.0;7099;Hash;6;Inner;;0;10000;10000;0;1.0;323.0;323.0;8;0.0;0;7098;Index Scan;7;Inner;;112600;5;0;0;8.331646174982899e-07;0.43;1.14;20;6001215.0;0;0.0;0.0;0.0;0.0
Q5_10_seed_73836279;7105;Sort;4;Outer;;0;2338;2338;0;1.0;56870.62;56876.47;116;0.0;0;1050.704;1050.74;7114;Hash Join;11;Outer;;0;5;25;1;0.2;1.07;2.4;108;0.0;0;7107;Nested Loop;6;Outer;;0;58459;14612;5;0.8001505611825896;4743.52;55959.89;128;0.0;0;7120;Seq Scan;7;Outer;;223;10000;0;0;1.0;0.0;323.0;8;10000.0;0;0.0;0.0;0.0;0.0;7119;Hash;6;Inner;;0;10000;10000;0;1.0;323.0;323.0;8;0.0;0;7118;Index Scan;7;Inner;;112600;5;0;0;8.331646174982899e-07;0.43;1.15;20;6001215.0;0;0.0;0.0;0.0;0.0
Q5_111_seed_902443410;7145;Sort;4;Outer;;0;2362;2362;0;1.0;56960.16;56966.07;116;0.0;0;1109.586;1109.62;7154;Hash Join;11;Outer;;0;5;25;1;0.2;1.07;2.4;108;0.0;0;7147;Nested Loop;6;Outer;;0;59037;14756;5;0.8001761995120629;4743.52;56044.88;128;0.0;0;7160;Seq Scan;7;Outer;;223;10000;0;0;1.0;0.0;323.0;8;10000.0;0;0.0;0.0;0.0;0.0;7159;Hash;6;Inner;;0;10000;10000;0;1.0;323.0;323.0;8;0.0;0;7158;Index Scan;7;Inner;;112600;5;0;0;8.331646174982899e-07;0.43;1.14;20;6001215.0;0;0.0;0.0;0.0;0.0
Q5_112_seed_910647441;7165;Sort;4;Outer;;0;2344;2344;0;1.0;56891.62;56897.48;116;0.0;0;1057.053;1057.087;7174;Hash Join;11;Outer;;0;5;25;1;0.2;1.07;2.4;108;0.0;0;7167;Nested Loop;6;Outer;;0;58597;14646;5;0.8001775228731394;4743.52;55979.78;128;0.0;0;7180;Seq Scan;7;Outer;;223;10000;0;0;1.0;0.0;323.0;8;10000.0;0;0.0;0.0;0.0;0.0;7179;Hash;6;Inner;;0;10000;10000;0;1.0;323.0;323.0;8;0.0;0;7178;Index Scan;7;Inner;;112600;5;0;0;8.331646174982899e-07;0.43;1.15;20;6001215.0;0;0.0;0.0;0.0;0.0
Q5_114_seed_927055503;7205;Sort;4;Outer;;0;2344;2344;0;1.0;56891.62;56897.48;116;0.0;0;1079.172;1079.211;7214;Hash Join;11;Outer;;0;5;25;1;0.2;1.07;2.4;108;0.0;0;7207;Nested Loop;6;Outer;;0;58597;14646;5;0.8001775228731394;4743.52;55979.78;128;0.0;0;7220;Seq Scan;7;Outer;;223;10000;0;0;1.0;0.0;323.0;8;10000.0;0;0.0;0.0;0.0;0.0;7219;Hash;6;Inner;;0;10000;10000;0;1.0;323.0;323.0;8;0.0;0;7218;Index Scan;7;Inner;;112600;5;0;0;8.331646174982899e-07;0.43;1.15;20;6001215.0;0;0.0;0.0;0.0;0.0
Q5_116_seed_943463565;7245;Sort;4;Outer;;0;2344;2344;0;1.0;56891.62;56897.48;116;0.0;0;1062.926;1062.963;7254;Hash Join;11;Outer;;0;5;25;1;0.2;1.07;2.4;108;0.0;0;7247;Nested Loop;6;Outer;;0;58597;14646;5;0.8001775228731394;4743.52;55979.78;128;0.0;0;7260;Seq Scan;7;Outer;;223;10000;0;0;1.0;0.0;323.0;8;10000.0;0;0.0;0.0;0.0;0.0;7259;Hash;6;Inner;;0;10000;10000;0;1.0;323.0;323.0;8;0.0;0;7258;Index Scan;7;Inner;;112600;5;0;0;8.331646174982899e-07;0.43;1.15;20;6001215.0;0;0.0;0.0;0.0;0.0
Q5_117_seed_951667596;7265;Sort;4;Outer;;0;2362;2362;0;1.0;56960.16;56966.07;116;0.0;0;1060.479;1060.514;7274;Hash Join;11;Outer;;0;5;25;1;0.2;1.07;2.4;108;0.0;0;7267;Nested Loop;6;Outer;;0;59037;14756;5;0.8001761995120629;4743.52;56044.88;128;0.0;0;7280;Seq Scan;7;Outer;;223;10000;0;0;1.0;0.0;323.0;8;10000.0;0;0.0;0.0;0.0;0.0;7279;Hash;6;Inner;;0;10000;10000;0;1.0;323.0;323.0;8;0.0;0;7278;Index Scan;7;Inner;;112600;5;0;0;8.331646174982899e-07;0.43;1.14;20;6001215.0;0;0.0;0.0;0.0;0.0
Q5_119_seed_968075658;7305;Sort;4;Outer;;0;2382;2382;0;1.0;57040.51;57046.46;116;0.0;0;1059.778;1059.813;7314;Hash Join;11;Outer;;0;5;25;1;0.2;1.07;2.4;108;0.0;0;7307;Nested Loop;6;Outer;;0;59546;14884;5;0.800134372480516;4743.52;56121.28;128;0.0;0;7320;Seq Scan;7;Outer;;223;10000;0;0;1.0;0.0;323.0;8;10000.0;0;0.0;0.0;0.0;0.0;7319;Hash;6;Inner;;0;10000;10000;0;1.0;323.0;323.0;8;0.0;0;7318;Index Scan;7;Inner;;112600;5;0;0;8.331646174982899e-07;0.43;1.14;20;6001215.0;0;0.0;0.0;0.0;0.0
Q5_11_seed_82040310;7325;Sort;4;Outer;;0;2362;2362;0;1.0;56960.16;56966.07;116;0.0;0;1065.155;1065.191;7334;Hash Join;11;Outer;;0;5;25;1;0.2;1.07;2.4;108;0.0;0;7327;Nested Loop;6;Outer;;0;59037;14756;5;0.8001761995120629;4743.52;56044.88;128;0.0;0;7340;Seq Scan;7;Outer;;223;10000;0;0;1.0;0.0;323.0;8;10000.0;0;0.0;0.0;0.0;0.0;7339;Hash;6;Inner;;0;10000;10000;0;1.0;323.0;323.0;8;0.0;0;7338;Index Scan;7;Inner;;112600;5;0;0;8.331646174982899e-07;0.43;1.14;20;6001215.0;0;0.0;0.0;0.0;0.0
Q5_120_seed_976279689;7345;Sort;4;Outer;;0;2344;2344;0;1.0;56891.62;56897.48;116;0.0;0;1056.233;1056.268;7354;Hash Join;11;Outer;;0;5;25;1;0.2;1.07;2.4;108;0.0;0;7347;Nested Loop;6;Outer;;0;58597;14646;5;0.8001775228731394;4743.52;55979.78;128;0.0;0;7360;Seq Scan;7;Outer;;223;10000;0;0;1.0;0.0;323.0;8;10000.0;0;0.0;0.0;0.0;0.0;7359;Hash;6;Inner;;0;10000;10000;0;1.0;323.0;323.0;8;0.0;0;7358;Index Scan;7;Inner;;112600;5;0;0;8.331646174982899e-07;0.43;1.15;20;6001215.0;0;0.0;0.0;0.0;0.0
Q5_121_seed_984483720;7365;Sort;4;Outer;;0;2382;2382;0;1.0;57040.51;57046.46;116;0.0;0;1069.292;1069.328;7374;Hash Join;11;Outer;;0;5;25;1;0.2;1.07;2.4;108;0.0;0;7367;Nested Loop;6;Outer;;0;59546;14884;5;0.800134372480516;4743.52;56121.28;128;0.0;0;7380;Seq Scan;7;Outer;;223;10000;0;0;1.0;0.0;323.0;8;10000.0;0;0.0;0.0;0.0;0.0;7379;Hash;6;Inner;;0;10000;10000;0;1.0;323.0;323.0;8;0.0;0;7378;Index Scan;7;Inner;;112600;5;0;0;8.331646174982899e-07;0.43;1.14;20;6001215.0;0;0.0;0.0;0.0;0.0
Q5_122_seed_992687751;7385;Sort;4;Outer;;0;2344;2344;0;1.0;56891.62;56897.48;116;0.0;0;1061.048;1061.084;7394;Hash Join;11;Outer;;0;5;25;1;0.2;1.07;2.4;108;0.0;0;7387;Nested Loop;6;Outer;;0;58597;14646;5;0.8001775228731394;4743.52;55979.78;128;0.0;0;7400;Seq Scan;7;Outer;;223;10000;0;0;1.0;0.0;323.0;8;10000.0;0;0.0;0.0;0.0;0.0;7399;Hash;6;Inner;;0;10000;10000;0;1.0;323.0;323.0;8;0.0;0;7398;Index Scan;7;Inner;;112600;5;0;0;8.331646174982899e-07;0.43;1.15;20;6001215.0;0;0.0;0.0;0.0;0.0
Q5_124_seed_1009095813;7425;Sort;4;Outer;;0;2344;2344;0;1.0;56891.62;56897.48;116;0.0;0;1039.787;1039.823;7434;Hash Join;11;Outer;;0;5;25;1;0.2;1.07;2.4;108;0.0;0;7427;Nested Loop;6;Outer;;0;58597;14646;5;0.8001775228731394;4743.52;55979.78;128;0.0;0;7440;Seq Scan;7;Outer;;223;10000;0;0;1.0;0.0;323.0;8;10000.0;0;0.0;0.0;0.0;0.0;7439;Hash;6;Inner;;0;10000;10000;0;1.0;323.0;323.0;8;0.0;0;7438;Index Scan;7;Inner;;112600;5;0;0;8.331646174982899e-07;0.43;1.15;20;6001215.0;0;0.0;0.0;0.0;0.0
Q5_125_seed_1017299844;7445;Sort;4;Outer;;0;2382;2382;0;1.0;57040.51;57046.46;116;0.0;0;1054.906;1054.938;7454;Hash Join;11;Outer;;0;5;25;1;0.2;1.07;2.4;108;0.0;0;7447;Nested Loop;6;Outer;;0;59546;14884;5;0.800134372480516;4743.52;56121.28;128;0.0;0;7460;Seq Scan;7;Outer;;223;10000;0;0;1.0;0.0;323.0;8;10000.0;0;0.0;0.0;0.0;0.0;7459;Hash;6;Inner;;0;10000;10000;0;1.0;323.0;323.0;8;0.0;0;7458;Index Scan;7;Inner;;112600;5;0;0;8.331646174982899e-07;0.43;1.14;20;6001215.0;0;0.0;0.0;0.0;0.0
Q5_128_seed_1041911937;7505;Sort;4;Outer;;0;2344;2344;0;1.0;56891.62;56897.48;116;0.0;0;1069.052;1069.087;7514;Hash Join;11;Outer;;0;5;25;1;0.2;1.07;2.4;108;0.0;0;7507;Nested Loop;6;Outer;;0;58597;14646;5;0.8001775228731394;4743.52;55979.78;128;0.0;0;7520;Seq Scan;7;Outer;;223;10000;0;0;1.0;0.0;323.0;8;10000.0;0;0.0;0.0;0.0;0.0;7519;Hash;6;Inner;;0;10000;10000;0;1.0;323.0;323.0;8;0.0;0;7518;Index Scan;7;Inner;;112600;5;0;0;8.331646174982899e-07;0.43;1.15;20;6001215.0;0;0.0;0.0;0.0;0.0
Q5_129_seed_1050115968;7525;Sort;4;Outer;;0;2382;2382;0;1.0;57040.51;57046.46;116;0.0;0;1071.558;1071.593;7534;Hash Join;11;Outer;;0;5;25;1;0.2;1.07;2.4;108;0.0;0;7527;Nested Loop;6;Outer;;0;59546;14884;5;0.800134372480516;4743.52;56121.28;128;0.0;0;7540;Seq Scan;7;Outer;;223;10000;0;0;1.0;0.0;323.0;8;10000.0;0;0.0;0.0;0.0;0.0;7539;Hash;6;Inner;;0;10000;10000;0;1.0;323.0;323.0;8;0.0;0;7538;Index Scan;7;Inner;;112600;5;0;0;8.331646174982899e-07;0.43;1.14;20;6001215.0;0;0.0;0.0;0.0;0.0
Q5_131_seed_1066524030;7585;Sort;4;Outer;;0;2382;2382;0;1.0;57040.51;57046.46;116;0.0;0;1073.546;1073.582;7594;Hash Join;11;Outer;;0;5;25;1;0.2;1.07;2.4;108;0.0;0;7587;Nested Loop;6;Outer;;0;59546;14884;5;0.800134372480516;4743.52;56121.28;128;0.0;0;7600;Seq Scan;7;Outer;;223;10000;0;0;1.0;0.0;323.0;8;10000.0;0;0.0;0.0;0.0;0.0;7599;Hash;6;Inner;;0;10000;10000;0;1.0;323.0;323.0;8;0.0;0;7598;Index Scan;7;Inner;;112600;5;0;0;8.331646174982899e-07;0.43;1.14;20;6001215.0;0;0.0;0.0;0.0;0.0
Q5_135_seed_1099340154;7665;Sort;4;Outer;;0;2382;2382;0;1.0;57040.51;57046.46;116;0.0;0;1055.973;1056.009;7674;Hash Join;11;Outer;;0;5;25;1;0.2;1.07;2.4;108;0.0;0;7667;Nested Loop;6;Outer;;0;59546;14884;5;0.800134372480516;4743.52;56121.28;128;0.0;0;7680;Seq Scan;7;Outer;;223;10000;0;0;1.0;0.0;323.0;8;10000.0;0;0.0;0.0;0.0;0.0;7679;Hash;6;Inner;;0;10000;10000;0;1.0;323.0;323.0;8;0.0;0;7678;Index Scan;7;Inner;;112600;5;0;0;8.331646174982899e-07;0.43;1.14;20;6001215.0;0;0.0;0.0;0.0;0.0
Q5_136_seed_1107544185;7685;Sort;4;Outer;;0;2350;2350;0;1.0;56916.25;56922.13;116;0.0;0;1060.404;1060.44;7694;Hash Join;11;Outer;;0;5;25;1;0.2;1.07;2.4;108;0.0;0;7687;Nested Loop;6;Outer;;0;58750;14685;5;0.8001361933946204;4743.52;56003.24;128;0.0;0;7700;Seq Scan;7;Outer;;223;10000;0;0;1.0;0.0;323.0;8;10000.0;0;0.0;0.0;0.0;0.0;7699;Hash;6;Inner;;0;10000;10000;0;1.0;323.0;323.0;8;0.0;0;7698;Index Scan;7;Inner;;112600;5;0;0;8.331646174982899e-07;0.43;1.14;20;6001215.0;0;0.0;0.0;0.0;0.0
Q5_137_seed_1115748216;7705;Sort;4;Outer;;0;2382;2382;0;1.0;57040.51;57046.46;116;0.0;0;1057.91;1057.946;7714;Hash Join;11;Outer;;0;5;25;1;0.2;1.07;2.4;108;0.0;0;7707;Nested Loop;6;Outer;;0;59546;14884;5;0.800134372480516;4743.52;56121.28;128;0.0;0;7720;Seq Scan;7;Outer;;223;10000;0;0;1.0;0.0;323.0;8;10000.0;0;0.0;0.0;0.0;0.0;7719;Hash;6;Inner;;0;10000;10000;0;1.0;323.0;323.0;8;0.0;0;7718;Index Scan;7;Inner;;112600;5;0;0;8.331646174982899e-07;0.43;1.14;20;6001215.0;0;0.0;0.0;0.0;0.0
Q5_138_seed_1123952247;7725;Sort;4;Outer;;0;2350;2350;0;1.0;56916.25;56922.13;116;0.0;0;1036.932;1036.967;7734;Hash Join;11;Outer;;0;5;25;1;0.2;1.07;2.4;108;0.0;0;7727;Nested Loop;6;Outer;;0;58750;14685;5;0.8001361933946204;4743.52;56003.24;128;0.0;0;7740;Seq Scan;7;Outer;;223;10000;0;0;1.0;0.0;323.0;8;10000.0;0;0.0;0.0;0.0;0.0;7739;Hash;6;Inner;;0;10000;10000;0;1.0;323.0;323.0;8;0.0;0;7738;Index Scan;7;Inner;;112600;5;0;0;8.331646174982899e-07;0.43;1.14;20;6001215.0;0;0.0;0.0;0.0;0.0
Q5_139_seed_1132156278;7745;Sort;4;Outer;;0;2338;2338;0;1.0;56870.62;56876.47;116;0.0;0;1064.34;1064.377;7754;Hash Join;11;Outer;;0;5;25;1;0.2;1.07;2.4;108;0.0;0;7747;Nested Loop;6;Outer;;0;58459;14612;5;0.8001505611825896;4743.52;55959.89;128;0.0;0;7760;Seq Scan;7;Outer;;223;10000;0;0;1.0;0.0;323.0;8;10000.0;0;0.0;0.0;0.0;0.0;7759;Hash;6;Inner;;0;10000;10000;0;1.0;323.0;323.0;8;0.0;0;7758;Index Scan;7;Inner;;112600;5;0;0;8.331646174982899e-07;0.43;1.15;20;6001215.0;0;0.0;0.0;0.0;0.0
Q5_13_seed_98448372;7765;Sort;4;Outer;;0;2362;2362;0;1.0;56960.16;56966.07;116;0.0;0;1039.867;1039.903;7774;Hash Join;11;Outer;;0;5;25;1;0.2;1.07;2.4;108;0.0;0;7767;Nested Loop;6;Outer;;0;59037;14756;5;0.8001761995120629;4743.52;56044.88;128;0.0;0;7780;Seq Scan;7;Outer;;223;10000;0;0;1.0;0.0;323.0;8;10000.0;0;0.0;0.0;0.0;0.0;7779;Hash;6;Inner;;0;10000;10000;0;1.0;323.0;323.0;8;0.0;0;7778;Index Scan;7;Inner;;112600;5;0;0;8.331646174982899e-07;0.43;1.14;20;6001215.0;0;0.0;0.0;0.0;0.0
Q5_142_seed_1156768371;7825;Sort;4;Outer;;0;2350;2350;0;1.0;56916.25;56922.13;116;0.0;0;1070.33;1070.366;7834;Hash Join;11;Outer;;0;5;25;1;0.2;1.07;2.4;108;0.0;0;7827;Nested Loop;6;Outer;;0;58750;14685;5;0.8001361933946204;4743.52;56003.24;128;0.0;0;7840;Seq Scan;7;Outer;;223;10000;0;0;1.0;0.0;323.0;8;10000.0;0;0.0;0.0;0.0;0.0;7839;Hash;6;Inner;;0;10000;10000;0;1.0;323.0;323.0;8;0.0;0;7838;Index Scan;7;Inner;;112600;5;0;0;8.331646174982899e-07;0.43;1.14;20;6001215.0;0;0.0;0.0;0.0;0.0
Q5_143_seed_1164972402;7845;Sort;4;Outer;;0;2338;2338;0;1.0;56870.62;56876.47;116;0.0;0;1039.12;1039.158;7854;Hash Join;11;Outer;;0;5;25;1;0.2;1.07;2.4;108;0.0;0;7847;Nested Loop;6;Outer;;0;58459;14612;5;0.8001505611825896;4743.52;55959.89;128;0.0;0;7860;Seq Scan;7;Outer;;223;10000;0;0;1.0;0.0;323.0;8;10000.0;0;0.0;0.0;0.0;0.0;7859;Hash;6;Inner;;0;10000;10000;0;1.0;323.0;323.0;8;0.0;0;7858;Index Scan;7;Inner;;112600;5;0;0;8.331646174982899e-07;0.43;1.15;20;6001215.0;0;0.0;0.0;0.0;0.0
Q5_145_seed_1181380464;7885;Sort;4;Outer;;0;2338;2338;0;1.0;56870.62;56876.47;116;0.0;0;1074.814;1074.852;7894;Hash Join;11;Outer;;0;5;25;1;0.2;1.07;2.4;108;0.0;0;7887;Nested Loop;6;Outer;;0;58459;14612;5;0.8001505611825896;4743.52;55959.89;128;0.0;0;7900;Seq Scan;7;Outer;;223;10000;0;0;1.0;0.0;323.0;8;10000.0;0;0.0;0.0;0.0;0.0;7899;Hash;6;Inner;;0;10000;10000;0;1.0;323.0;323.0;8;0.0;0;7898;Index Scan;7;Inner;;112600;5;0;0;8.331646174982899e-07;0.43;1.15;20;6001215.0;0;0.0;0.0;0.0;0.0
Q5_146_seed_1189584495;7905;Sort;4;Outer;;0;2350;2350;0;1.0;56916.25;56922.13;116;0.0;0;1057.429;1057.464;7914;Hash Join;11;Outer;;0;5;25;1;0.2;1.07;2.4;108;0.0;0;7907;Nested Loop;6;Outer;;0;58750;14685;5;0.8001361933946204;4743.52;56003.24;128;0.0;0;7920;Seq Scan;7;Outer;;223;10000;0;0;1.0;0.0;323.0;8;10000.0;0;0.0;0.0;0.0;0.0;7919;Hash;6;Inner;;0;10000;10000;0;1.0;323.0;323.0;8;0.0;0;7918;Index Scan;7;Inner;;112600;5;0;0;8.331646174982899e-07;0.43;1.14;20;6001215.0;0;0.0;0.0;0.0;0.0
Q5_14_seed_106652403;7985;Sort;4;Outer;;0;2344;2344;0;1.0;56891.62;56897.48;116;0.0;0;1063.698;1063.736;7994;Hash Join;11;Outer;;0;5;25;1;0.2;1.07;2.4;108;0.0;0;7987;Nested Loop;6;Outer;;0;58597;14646;5;0.8001775228731394;4743.52;55979.78;128;0.0;0;8000;Seq Scan;7;Outer;;223;10000;0;0;1.0;0.0;323.0;8;10000.0;0;0.0;0.0;0.0;0.0;7999;Hash;6;Inner;;0;10000;10000;0;1.0;323.0;323.0;8;0.0;0;7998;Index Scan;7;Inner;;112600;5;0;0;8.331646174982899e-07;0.43;1.15;20;6001215.0;0;0.0;0.0;0.0;0.0
Q5_150_seed_1231235959;8005;Sort;4;Outer;;0;2350;2350;0;1.0;56916.25;56922.13;116;0.0;0;1054.786;1054.82;8014;Hash Join;11;Outer;;0;5;25;1;0.2;1.07;2.4;108;0.0;0;8007;Nested Loop;6;Outer;;0;58750;14685;5;0.8001361933946204;4743.52;56003.24;128;0.0;0;8020;Seq Scan;7;Outer;;223;10000;0;0;1.0;0.0;323.0;8;10000.0;0;0.0;0.0;0.0;0.0;8019;Hash;6;Inner;;0;10000;10000;0;1.0;323.0;323.0;8;0.0;0;8018;Index Scan;7;Inner;;112600;5;0;0;8.331646174982899e-07;0.43;1.14;20;6001215.0;0;0.0;0.0;0.0;0.0
Q5_15_seed_114856434;8025;Sort;4;Outer;;0;2362;2362;0;1.0;56960.16;56966.07;116;0.0;0;1082.902;1082.937;8034;Hash Join;11;Outer;;0;5;25;1;0.2;1.07;2.4;108;0.0;0;8027;Nested Loop;6;Outer;;0;59037;14756;5;0.8001761995120629;4743.52;56044.88;128;0.0;0;8040;Seq Scan;7;Outer;;223;10000;0;0;1.0;0.0;323.0;8;10000.0;0;0.0;0.0;0.0;0.0;8039;Hash;6;Inner;;0;10000;10000;0;1.0;323.0;323.0;8;0.0;0;8038;Index Scan;7;Inner;;112600;5;0;0;8.331646174982899e-07;0.43;1.14;20;6001215.0;0;0.0;0.0;0.0;0.0
Q5_18_seed_139468527;8085;Sort;4;Outer;;0;2344;2344;0;1.0;56891.62;56897.48;116;0.0;0;1060.263;1060.299;8094;Hash Join;11;Outer;;0;5;25;1;0.2;1.07;2.4;108;0.0;0;8087;Nested Loop;6;Outer;;0;58597;14646;5;0.8001775228731394;4743.52;55979.78;128;0.0;0;8100;Seq Scan;7;Outer;;223;10000;0;0;1.0;0.0;323.0;8;10000.0;0;0.0;0.0;0.0;0.0;8099;Hash;6;Inner;;0;10000;10000;0;1.0;323.0;323.0;8;0.0;0;8098;Index Scan;7;Inner;;112600;5;0;0;8.331646174982899e-07;0.43;1.15;20;6001215.0;0;0.0;0.0;0.0;0.0
Q5_19_seed_147672558;8105;Sort;4;Outer;;0;2362;2362;0;1.0;56960.16;56966.07;116;0.0;0;1046.742;1046.775;8114;Hash Join;11;Outer;;0;5;25;1;0.2;1.07;2.4;108;0.0;0;8107;Nested Loop;6;Outer;;0;59037;14756;5;0.8001761995120629;4743.52;56044.88;128;0.0;0;8120;Seq Scan;7;Outer;;223;10000;0;0;1.0;0.0;323.0;8;10000.0;0;0.0;0.0;0.0;0.0;8119;Hash;6;Inner;;0;10000;10000;0;1.0;323.0;323.0;8;0.0;0;8118;Index Scan;7;Inner;;112600;5;0;0;8.331646174982899e-07;0.43;1.14;20;6001215.0;0;0.0;0.0;0.0;0.0
Q5_1_seed_0101000000;8125;Sort;4;Outer;;0;2344;2344;0;1.0;56891.62;56897.48;116;0.0;0;1076.578;1076.615;8134;Hash Join;11;Outer;;0;5;25;1;0.2;1.07;2.4;108;0.0;0;8127;Nested Loop;6;Outer;;0;58597;14646;5;0.8001775228731394;4743.52;55979.78;128;0.0;0;8140;Seq Scan;7;Outer;;223;10000;0;0;1.0;0.0;323.0;8;10000.0;0;0.0;0.0;0.0;0.0;8139;Hash;6;Inner;;0;10000;10000;0;1.0;323.0;323.0;8;0.0;0;8138;Index Scan;7;Inner;;112600;5;0;0;8.331646174982899e-07;0.43;1.15;20;6001215.0;0;0.0;0.0;0.0;0.0
Q5_20_seed_155876589;8145;Sort;4;Outer;;0;2344;2344;0;1.0;56891.62;56897.48;116;0.0;0;1063.412;1063.448;8154;Hash Join;11;Outer;;0;5;25;1;0.2;1.07;2.4;108;0.0;0;8147;Nested Loop;6;Outer;;0;58597;14646;5;0.8001775228731394;4743.52;55979.78;128;0.0;0;8160;Seq Scan;7;Outer;;223;10000;0;0;1.0;0.0;323.0;8;10000.0;0;0.0;0.0;0.0;0.0;8159;Hash;6;Inner;;0;10000;10000;0;1.0;323.0;323.0;8;0.0;0;8158;Index Scan;7;Inner;;112600;5;0;0;8.331646174982899e-07;0.43;1.15;20;6001215.0;0;0.0;0.0;0.0;0.0
Q5_21_seed_164080620;8165;Sort;4;Outer;;0;2382;2382;0;1.0;57040.51;57046.46;116;0.0;0;1044.151;1044.184;8174;Hash Join;11;Outer;;0;5;25;1;0.2;1.07;2.4;108;0.0;0;8167;Nested Loop;6;Outer;;0;59546;14884;5;0.800134372480516;4743.52;56121.28;128;0.0;0;8180;Seq Scan;7;Outer;;223;10000;0;0;1.0;0.0;323.0;8;10000.0;0;0.0;0.0;0.0;0.0;8179;Hash;6;Inner;;0;10000;10000;0;1.0;323.0;323.0;8;0.0;0;8178;Index Scan;7;Inner;;112600;5;0;0;8.331646174982899e-07;0.43;1.14;20;6001215.0;0;0.0;0.0;0.0;0.0
Q5_23_seed_180488682;8205;Sort;4;Outer;;0;2382;2382;0;1.0;57040.51;57046.46;116;0.0;0;1075.304;1075.349;8214;Hash Join;11;Outer;;0;5;25;1;0.2;1.07;2.4;108;0.0;0;8207;Nested Loop;6;Outer;;0;59546;14884;5;0.800134372480516;4743.52;56121.28;128;0.0;0;8220;Seq Scan;7;Outer;;223;10000;0;0;1.0;0.0;323.0;8;10000.0;0;0.0;0.0;0.0;0.0;8219;Hash;6;Inner;;0;10000;10000;0;1.0;323.0;323.0;8;0.0;0;8218;Index Scan;7;Inner;;112600;5;0;0;8.331646174982899e-07;0.43;1.14;20;6001215.0;0;0.0;0.0;0.0;0.0
Q5_24_seed_188692713;8225;Sort;4;Outer;;0;2344;2344;0;1.0;56891.62;56897.48;116;0.0;0;1073.727;1073.762;8234;Hash Join;11;Outer;;0;5;25;1;0.2;1.07;2.4;108;0.0;0;8227;Nested Loop;6;Outer;;0;58597;14646;5;0.8001775228731394;4743.52;55979.78;128;0.0;0;8240;Seq Scan;7;Outer;;223;10000;0;0;1.0;0.0;323.0;8;10000.0;0;0.0;0.0;0.0;0.0;8239;Hash;6;Inner;;0;10000;10000;0;1.0;323.0;323.0;8;0.0;0;8238;Index Scan;7;Inner;;112600;5;0;0;8.331646174982899e-07;0.43;1.15;20;6001215.0;0;0.0;0.0;0.0;0.0
Q5_25_seed_196896744;8245;Sort;4;Outer;;0;2382;2382;0;1.0;57040.51;57046.46;116;0.0;0;1067.034;1067.073;8254;Hash Join;11;Outer;;0;5;25;1;0.2;1.07;2.4;108;0.0;0;8247;Nested Loop;6;Outer;;0;59546;14884;5;0.800134372480516;4743.52;56121.28;128;0.0;0;8260;Seq Scan;7;Outer;;223;10000;0;0;1.0;0.0;323.0;8;10000.0;0;0.0;0.0;0.0;0.0;8259;Hash;6;Inner;;0;10000;10000;0;1.0;323.0;323.0;8;0.0;0;8258;Index Scan;7;Inner;;112600;5;0;0;8.331646174982899e-07;0.43;1.14;20;6001215.0;0;0.0;0.0;0.0;0.0
Q5_26_seed_205100775;8265;Sort;4;Outer;;0;2344;2344;0;1.0;56891.62;56897.48;116;0.0;0;1053.908;1053.944;8274;Hash Join;11;Outer;;0;5;25;1;0.2;1.07;2.4;108;0.0;0;8267;Nested Loop;6;Outer;;0;58597;14646;5;0.8001775228731394;4743.52;55979.78;128;0.0;0;8280;Seq Scan;7;Outer;;223;10000;0;0;1.0;0.0;323.0;8;10000.0;0;0.0;0.0;0.0;0.0;8279;Hash;6;Inner;;0;10000;10000;0;1.0;323.0;323.0;8;0.0;0;8278;Index Scan;7;Inner;;112600;5;0;0;8.331646174982899e-07;0.43;1.15;20;6001215.0;0;0.0;0.0;0.0;0.0
Q5_28_seed_221508837;8305;Sort;4;Outer;;0;2344;2344;0;1.0;56891.62;56897.48;116;0.0;0;1119.418;1119.454;8314;Hash Join;11;Outer;;0;5;25;1;0.2;1.07;2.4;108;0.0;0;8307;Nested Loop;6;Outer;;0;58597;14646;5;0.8001775228731394;4743.52;55979.78;128;0.0;0;8320;Seq Scan;7;Outer;;223;10000;0;0;1.0;0.0;323.0;8;10000.0;0;0.0;0.0;0.0;0.0;8319;Hash;6;Inner;;0;10000;10000;0;1.0;323.0;323.0;8;0.0;0;8318;Index Scan;7;Inner;;112600;5;0;0;8.331646174982899e-07;0.43;1.15;20;6001215.0;0;0.0;0.0;0.0;0.0
Q5_29_seed_229712868;8325;Sort;4;Outer;;0;2382;2382;0;1.0;57040.51;57046.46;116;0.0;0;1069.797;1069.833;8334;Hash Join;11;Outer;;0;5;25;1;0.2;1.07;2.4;108;0.0;0;8327;Nested Loop;6;Outer;;0;59546;14884;5;0.800134372480516;4743.52;56121.28;128;0.0;0;8340;Seq Scan;7;Outer;;223;10000;0;0;1.0;0.0;323.0;8;10000.0;0;0.0;0.0;0.0;0.0;8339;Hash;6;Inner;;0;10000;10000;0;1.0;323.0;323.0;8;0.0;0;8338;Index Scan;7;Inner;;112600;5;0;0;8.331646174982899e-07;0.43;1.14;20;6001215.0;0;0.0;0.0;0.0;0.0
Q5_2_seed_8204031;8345;Sort;4;Outer;;0;2338;2338;0;1.0;56870.62;56876.47;116;0.0;0;1074.932;1074.967;8354;Hash Join;11;Outer;;0;5;25;1;0.2;1.07;2.4;108;0.0;0;8347;Nested Loop;6;Outer;;0;58459;14612;5;0.8001505611825896;4743.52;55959.89;128;0.0;0;8360;Seq Scan;7;Outer;;223;10000;0;0;1.0;0.0;323.0;8;10000.0;0;0.0;0.0;0.0;0.0;8359;Hash;6;Inner;;0;10000;10000;0;1.0;323.0;323.0;8;0.0;0;8358;Index Scan;7;Inner;;112600;5;0;0;8.331646174982899e-07;0.43;1.15;20;6001215.0;0;0.0;0.0;0.0;0.0
Q5_30_seed_237916899;8365;Sort;4;Outer;;0;2344;2344;0;1.0;56891.62;56897.48;116;0.0;0;1088.648;1088.682;8374;Hash Join;11;Outer;;0;5;25;1;0.2;1.07;2.4;108;0.0;0;8367;Nested Loop;6;Outer;;0;58597;14646;5;0.8001775228731394;4743.52;55979.78;128;0.0;0;8380;Seq Scan;7;Outer;;223;10000;0;0;1.0;0.0;323.0;8;10000.0;0;0.0;0.0;0.0;0.0;8379;Hash;6;Inner;;0;10000;10000;0;1.0;323.0;323.0;8;0.0;0;8378;Index Scan;7;Inner;;112600;5;0;0;8.331646174982899e-07;0.43;1.15;20;6001215.0;0;0.0;0.0;0.0;0.0
Q5_32_seed_254324961;8405;Sort;4;Outer;;0;2350;2350;0;1.0;56916.25;56922.13;116;0.0;0;1073.136;1073.172;8414;Hash Join;11;Outer;;0;5;25;1;0.2;1.07;2.4;108;0.0;0;8407;Nested Loop;6;Outer;;0;58750;14685;5;0.8001361933946204;4743.52;56003.24;128;0.0;0;8420;Seq Scan;7;Outer;;223;10000;0;0;1.0;0.0;323.0;8;10000.0;0;0.0;0.0;0.0;0.0;8419;Hash;6;Inner;;0;10000;10000;0;1.0;323.0;323.0;8;0.0;0;8418;Index Scan;7;Inner;;112600;5;0;0;8.331646174982899e-07;0.43;1.14;20;6001215.0;0;0.0;0.0;0.0;0.0
Q5_33_seed_262528992;8425;Sort;4;Outer;;0;2382;2382;0;1.0;57040.51;57046.46;116;0.0;0;1074.543;1074.577;8434;Hash Join;11;Outer;;0;5;25;1;0.2;1.07;2.4;108;0.0;0;8427;Nested Loop;6;Outer;;0;59546;14884;5;0.800134372480516;4743.52;56121.28;128;0.0;0;8440;Seq Scan;7;Outer;;223;10000;0;0;1.0;0.0;323.0;8;10000.0;0;0.0;0.0;0.0;0.0;8439;Hash;6;Inner;;0;10000;10000;0;1.0;323.0;323.0;8;0.0;0;8438;Index Scan;7;Inner;;112600;5;0;0;8.331646174982899e-07;0.43;1.14;20;6001215.0;0;0.0;0.0;0.0;0.0
Q5_34_seed_270733023;8445;Sort;4;Outer;;0;2350;2350;0;1.0;56916.25;56922.13;116;0.0;0;1054.138;1054.172;8454;Hash Join;11;Outer;;0;5;25;1;0.2;1.07;2.4;108;0.0;0;8447;Nested Loop;6;Outer;;0;58750;14685;5;0.8001361933946204;4743.52;56003.24;128;0.0;0;8460;Seq Scan;7;Outer;;223;10000;0;0;1.0;0.0;323.0;8;10000.0;0;0.0;0.0;0.0;0.0;8459;Hash;6;Inner;;0;10000;10000;0;1.0;323.0;323.0;8;0.0;0;8458;Index Scan;7;Inner;;112600;5;0;0;8.331646174982899e-07;0.43;1.14;20;6001215.0;0;0.0;0.0;0.0;0.0
Q5_35_seed_278937054;8465;Sort;4;Outer;;0;2382;2382;0;1.0;57040.51;57046.46;116;0.0;0;1071.02;1071.055;8474;Hash Join;11;Outer;;0;5;25;1;0.2;1.07;2.4;108;0.0;0;8467;Nested Loop;6;Outer;;0;59546;14884;5;0.800134372480516;4743.52;56121.28;128;0.0;0;8480;Seq Scan;7;Outer;;223;10000;0;0;1.0;0.0;323.0;8;10000.0;0;0.0;0.0;0.0;0.0;8479;Hash;6;Inner;;0;10000;10000;0;1.0;323.0;323.0;8;0.0;0;8478;Index Scan;7;Inner;;112600;5;0;0;8.331646174982899e-07;0.43;1.14;20;6001215.0;0;0.0;0.0;0.0;0.0
Q5_38_seed_303549147;8525;Sort;4;Outer;;0;2350;2350;0;1.0;56916.25;56922.13;116;0.0;0;1055.279;1055.314;8534;Hash Join;11;Outer;;0;5;25;1;0.2;1.07;2.4;108;0.0;0;8527;Nested Loop;6;Outer;;0;58750;14685;5;0.8001361933946204;4743.52;56003.24;128;0.0;0;8540;Seq Scan;7;Outer;;223;10000;0;0;1.0;0.0;323.0;8;10000.0;0;0.0;0.0;0.0;0.0;8539;Hash;6;Inner;;0;10000;10000;0;1.0;323.0;323.0;8;0.0;0;8538;Index Scan;7;Inner;;112600;5;0;0;8.331646174982899e-07;0.43;1.14;20;6001215.0;0;0.0;0.0;0.0;0.0
Q5_39_seed_311753178;8545;Sort;4;Outer;;0;2382;2382;0;1.0;57040.51;57046.46;116;0.0;0;1057.789;1057.825;8554;Hash Join;11;Outer;;0;5;25;1;0.2;1.07;2.4;108;0.0;0;8547;Nested Loop;6;Outer;;0;59546;14884;5;0.800134372480516;4743.52;56121.28;128;0.0;0;8560;Seq Scan;7;Outer;;223;10000;0;0;1.0;0.0;323.0;8;10000.0;0;0.0;0.0;0.0;0.0;8559;Hash;6;Inner;;0;10000;10000;0;1.0;323.0;323.0;8;0.0;0;8558;Index Scan;7;Inner;;112600;5;0;0;8.331646174982899e-07;0.43;1.14;20;6001215.0;0;0.0;0.0;0.0;0.0
Q5_40_seed_319957209;8585;Sort;4;Outer;;0;2350;2350;0;1.0;56916.25;56922.13;116;0.0;0;1111.143;1111.183;8594;Hash Join;11;Outer;;0;5;25;1;0.2;1.07;2.4;108;0.0;0;8587;Nested Loop;6;Outer;;0;58750;14685;5;0.8001361933946204;4743.52;56003.24;128;0.0;0;8600;Seq Scan;7;Outer;;223;10000;0;0;1.0;0.0;323.0;8;10000.0;0;0.0;0.0;0.0;0.0;8599;Hash;6;Inner;;0;10000;10000;0;1.0;323.0;323.0;8;0.0;0;8598;Index Scan;7;Inner;;112600;5;0;0;8.331646174982899e-07;0.43;1.14;20;6001215.0;0;0.0;0.0;0.0;0.0
Q5_42_seed_336365271;8625;Sort;4;Outer;;0;2350;2350;0;1.0;56916.25;56922.13;116;0.0;0;1057.781;1057.817;8634;Hash Join;11;Outer;;0;5;25;1;0.2;1.07;2.4;108;0.0;0;8627;Nested Loop;6;Outer;;0;58750;14685;5;0.8001361933946204;4743.52;56003.24;128;0.0;0;8640;Seq Scan;7;Outer;;223;10000;0;0;1.0;0.0;323.0;8;10000.0;0;0.0;0.0;0.0;0.0;8639;Hash;6;Inner;;0;10000;10000;0;1.0;323.0;323.0;8;0.0;0;8638;Index Scan;7;Inner;;112600;5;0;0;8.331646174982899e-07;0.43;1.14;20;6001215.0;0;0.0;0.0;0.0;0.0
Q5_43_seed_344569302;8645;Sort;4;Outer;;0;2338;2338;0;1.0;56870.62;56876.47;116;0.0;0;1083.399;1083.435;8654;Hash Join;11;Outer;;0;5;25;1;0.2;1.07;2.4;108;0.0;0;8647;Nested Loop;6;Outer;;0;58459;14612;5;0.8001505611825896;4743.52;55959.89;128;0.0;0;8660;Seq Scan;7;Outer;;223;10000;0;0;1.0;0.0;323.0;8;10000.0;0;0.0;0.0;0.0;0.0;8659;Hash;6;Inner;;0;10000;10000;0;1.0;323.0;323.0;8;0.0;0;8658;Index Scan;7;Inner;;112600;5;0;0;8.331646174982899e-07;0.43;1.15;20;6001215.0;0;0.0;0.0;0.0;0.0
Q5_45_seed_360977364;8685;Sort;4;Outer;;0;2338;2338;0;1.0;56870.62;56876.47;116;0.0;0;1072.47;1072.505;8694;Hash Join;11;Outer;;0;5;25;1;0.2;1.07;2.4;108;0.0;0;8687;Nested Loop;6;Outer;;0;58459;14612;5;0.8001505611825896;4743.52;55959.89;128;0.0;0;8700;Seq Scan;7;Outer;;223;10000;0;0;1.0;0.0;323.0;8;10000.0;0;0.0;0.0;0.0;0.0;8699;Hash;6;Inner;;0;10000;10000;0;1.0;323.0;323.0;8;0.0;0;8698;Index Scan;7;Inner;;112600;5;0;0;8.331646174982899e-07;0.43;1.15;20;6001215.0;0;0.0;0.0;0.0;0.0
Q5_46_seed_369181395;8705;Sort;4;Outer;;0;2350;2350;0;1.0;56916.25;56922.13;116;0.0;0;1062.842;1062.879;8714;Hash Join;11;Outer;;0;5;25;1;0.2;1.07;2.4;108;0.0;0;8707;Nested Loop;6;Outer;;0;58750;14685;5;0.8001361933946204;4743.52;56003.24;128;0.0;0;8720;Seq Scan;7;Outer;;223;10000;0;0;1.0;0.0;323.0;8;10000.0;0;0.0;0.0;0.0;0.0;8719;Hash;6;Inner;;0;10000;10000;0;1.0;323.0;323.0;8;0.0;0;8718;Index Scan;7;Inner;;112600;5;0;0;8.331646174982899e-07;0.43;1.14;20;6001215.0;0;0.0;0.0;0.0;0.0
Q5_47_seed_377385426;8725;Sort;4;Outer;;0;2338;2338;0;1.0;56870.62;56876.47;116;0.0;0;1053.712;1053.746;8734;Hash Join;11;Outer;;0;5;25;1;0.2;1.07;2.4;108;0.0;0;8727;Nested Loop;6;Outer;;0;58459;14612;5;0.8001505611825896;4743.52;55959.89;128;0.0;0;8740;Seq Scan;7;Outer;;223;10000;0;0;1.0;0.0;323.0;8;10000.0;0;0.0;0.0;0.0;0.0;8739;Hash;6;Inner;;0;10000;10000;0;1.0;323.0;323.0;8;0.0;0;8738;Index Scan;7;Inner;;112600;5;0;0;8.331646174982899e-07;0.43;1.15;20;6001215.0;0;0.0;0.0;0.0;0.0
Q5_48_seed_385589457;8745;Sort;4;Outer;;0;2350;2350;0;1.0;56916.25;56922.13;116;0.0;0;1041.623;1041.659;8754;Hash Join;11;Outer;;0;5;25;1;0.2;1.07;2.4;108;0.0;0;8747;Nested Loop;6;Outer;;0;58750;14685;5;0.8001361933946204;4743.52;56003.24;128;0.0;0;8760;Seq Scan;7;Outer;;223;10000;0;0;1.0;0.0;323.0;8;10000.0;0;0.0;0.0;0.0;0.0;8759;Hash;6;Inner;;0;10000;10000;0;1.0;323.0;323.0;8;0.0;0;8758;Index Scan;7;Inner;;112600;5;0;0;8.331646174982899e-07;0.43;1.14;20;6001215.0;0;0.0;0.0;0.0;0.0
Q5_49_seed_393793488;8765;Sort;4;Outer;;0;2338;2338;0;1.0;56870.62;56876.47;116;0.0;0;1053.771;1053.807;8774;Hash Join;11;Outer;;0;5;25;1;0.2;1.07;2.4;108;0.0;0;8767;Nested Loop;6;Outer;;0;58459;14612;5;0.8001505611825896;4743.52;55959.89;128;0.0;0;8780;Seq Scan;7;Outer;;223;10000;0;0;1.0;0.0;323.0;8;10000.0;0;0.0;0.0;0.0;0.0;8779;Hash;6;Inner;;0;10000;10000;0;1.0;323.0;323.0;8;0.0;0;8778;Index Scan;7;Inner;;112600;5;0;0;8.331646174982899e-07;0.43;1.15;20;6001215.0;0;0.0;0.0;0.0;0.0
Q5_50_seed_401997519;8805;Sort;4;Outer;;0;2350;2350;0;1.0;56916.25;56922.13;116;0.0;0;1065.519;1065.554;8814;Hash Join;11;Outer;;0;5;25;1;0.2;1.07;2.4;108;0.0;0;8807;Nested Loop;6;Outer;;0;58750;14685;5;0.8001361933946204;4743.52;56003.24;128;0.0;0;8820;Seq Scan;7;Outer;;223;10000;0;0;1.0;0.0;323.0;8;10000.0;0;0.0;0.0;0.0;0.0;8819;Hash;6;Inner;;0;10000;10000;0;1.0;323.0;323.0;8;0.0;0;8818;Index Scan;7;Inner;;112600;5;0;0;8.331646174982899e-07;0.43;1.14;20;6001215.0;0;0.0;0.0;0.0;0.0
Q5_51_seed_410201550;8825;Sort;4;Outer;;0;2338;2338;0;1.0;56870.62;56876.47;116;0.0;0;1049.287;1049.323;8834;Hash Join;11;Outer;;0;5;25;1;0.2;1.07;2.4;108;0.0;0;8827;Nested Loop;6;Outer;;0;58459;14612;5;0.8001505611825896;4743.52;55959.89;128;0.0;0;8840;Seq Scan;7;Outer;;223;10000;0;0;1.0;0.0;323.0;8;10000.0;0;0.0;0.0;0.0;0.0;8839;Hash;6;Inner;;0;10000;10000;0;1.0;323.0;323.0;8;0.0;0;8838;Index Scan;7;Inner;;112600;5;0;0;8.331646174982899e-07;0.43;1.15;20;6001215.0;0;0.0;0.0;0.0;0.0
Q5_52_seed_418405581;8845;Sort;4;Outer;;0;2362;2362;0;1.0;56960.16;56966.07;116;0.0;0;1081.63;1081.668;8854;Hash Join;11;Outer;;0;5;25;1;0.2;1.07;2.4;108;0.0;0;8847;Nested Loop;6;Outer;;0;59037;14756;5;0.8001761995120629;4743.52;56044.88;128;0.0;0;8860;Seq Scan;7;Outer;;223;10000;0;0;1.0;0.0;323.0;8;10000.0;0;0.0;0.0;0.0;0.0;8859;Hash;6;Inner;;0;10000;10000;0;1.0;323.0;323.0;8;0.0;0;8858;Index Scan;7;Inner;;112600;5;0;0;8.331646174982899e-07;0.43;1.14;20;6001215.0;0;0.0;0.0;0.0;0.0
Q5_54_seed_434813643;8885;Sort;4;Outer;;0;2362;2362;0;1.0;56960.16;56966.07;116;0.0;0;1049.355;1049.394;8894;Hash Join;11;Outer;;0;5;25;1;0.2;1.07;2.4;108;0.0;0;8887;Nested Loop;6;Outer;;0;59037;14756;5;0.8001761995120629;4743.52;56044.88;128;0.0;0;8900;Seq Scan;7;Outer;;223;10000;0;0;1.0;0.0;323.0;8;10000.0;0;0.0;0.0;0.0;0.0;8899;Hash;6;Inner;;0;10000;10000;0;1.0;323.0;323.0;8;0.0;0;8898;Index Scan;7;Inner;;112600;5;0;0;8.331646174982899e-07;0.43;1.14;20;6001215.0;0;0.0;0.0;0.0;0.0
Q5_55_seed_443017674;8905;Sort;4;Outer;;0;2338;2338;0;1.0;56870.62;56876.47;116;0.0;0;1075.673;1075.708;8914;Hash Join;11;Outer;;0;5;25;1;0.2;1.07;2.4;108;0.0;0;8907;Nested Loop;6;Outer;;0;58459;14612;5;0.8001505611825896;4743.52;55959.89;128;0.0;0;8920;Seq Scan;7;Outer;;223;10000;0;0;1.0;0.0;323.0;8;10000.0;0;0.0;0.0;0.0;0.0;8919;Hash;6;Inner;;0;10000;10000;0;1.0;323.0;323.0;8;0.0;0;8918;Index Scan;7;Inner;;112600;5;0;0;8.331646174982899e-07;0.43;1.15;20;6001215.0;0;0.0;0.0;0.0;0.0
Q5_58_seed_467629767;8965;Sort;4;Outer;;0;2362;2362;0;1.0;56960.16;56966.07;116;0.0;0;1076.124;1076.161;8974;Hash Join;11;Outer;;0;5;25;1;0.2;1.07;2.4;108;0.0;0;8967;Nested Loop;6;Outer;;0;59037;14756;5;0.8001761995120629;4743.52;56044.88;128;0.0;0;8980;Seq Scan;7;Outer;;223;10000;0;0;1.0;0.0;323.0;8;10000.0;0;0.0;0.0;0.0;0.0;8979;Hash;6;Inner;;0;10000;10000;0;1.0;323.0;323.0;8;0.0;0;8978;Index Scan;7;Inner;;112600;5;0;0;8.331646174982899e-07;0.43;1.14;20;6001215.0;0;0.0;0.0;0.0;0.0
Q5_61_seed_492241860;9045;Sort;4;Outer;;0;2344;2344;0;1.0;56891.62;56897.48;116;0.0;0;1043.613;1043.648;9054;Hash Join;11;Outer;;0;5;25;1;0.2;1.07;2.4;108;0.0;0;9047;Nested Loop;6;Outer;;0;58597;14646;5;0.8001775228731394;4743.52;55979.78;128;0.0;0;9060;Seq Scan;7;Outer;;223;10000;0;0;1.0;0.0;323.0;8;10000.0;0;0.0;0.0;0.0;0.0;9059;Hash;6;Inner;;0;10000;10000;0;1.0;323.0;323.0;8;0.0;0;9058;Index Scan;7;Inner;;112600;5;0;0;8.331646174982899e-07;0.43;1.15;20;6001215.0;0;0.0;0.0;0.0;0.0
Q5_62_seed_500445891;9065;Sort;4;Outer;;0;2362;2362;0;1.0;56960.16;56966.07;116;0.0;0;1057.207;1057.24;9074;Hash Join;11;Outer;;0;5;25;1;0.2;1.07;2.4;108;0.0;0;9067;Nested Loop;6;Outer;;0;59037;14756;5;0.8001761995120629;4743.52;56044.88;128;0.0;0;9080;Seq Scan;7;Outer;;223;10000;0;0;1.0;0.0;323.0;8;10000.0;0;0.0;0.0;0.0;0.0;9079;Hash;6;Inner;;0;10000;10000;0;1.0;323.0;323.0;8;0.0;0;9078;Index Scan;7;Inner;;112600;5;0;0;8.331646174982899e-07;0.43;1.14;20;6001215.0;0;0.0;0.0;0.0;0.0
Q5_63_seed_508649922;9085;Sort;4;Outer;;0;2344;2344;0;1.0;56891.62;56897.48;116;0.0;0;1073.962;1073.997;9094;Hash Join;11;Outer;;0;5;25;1;0.2;1.07;2.4;108;0.0;0;9087;Nested Loop;6;Outer;;0;58597;14646;5;0.8001775228731394;4743.52;55979.78;128;0.0;0;9100;Seq Scan;7;Outer;;223;10000;0;0;1.0;0.0;323.0;8;10000.0;0;0.0;0.0;0.0;0.0;9099;Hash;6;Inner;;0;10000;10000;0;1.0;323.0;323.0;8;0.0;0;9098;Index Scan;7;Inner;;112600;5;0;0;8.331646174982899e-07;0.43;1.15;20;6001215.0;0;0.0;0.0;0.0;0.0
Q5_64_seed_516853953;9105;Sort;4;Outer;;0;2362;2362;0;1.0;56960.16;56966.07;116;0.0;0;1046.859;1046.894;9114;Hash Join;11;Outer;;0;5;25;1;0.2;1.07;2.4;108;0.0;0;9107;Nested Loop;6;Outer;;0;59037;14756;5;0.8001761995120629;4743.52;56044.88;128;0.0;0;9120;Seq Scan;7;Outer;;223;10000;0;0;1.0;0.0;323.0;8;10000.0;0;0.0;0.0;0.0;0.0;9119;Hash;6;Inner;;0;10000;10000;0;1.0;323.0;323.0;8;0.0;0;9118;Index Scan;7;Inner;;112600;5;0;0;8.331646174982899e-07;0.43;1.14;20;6001215.0;0;0.0;0.0;0.0;0.0
Q5_66_seed_533262015;9145;Sort;4;Outer;;0;2362;2362;0;1.0;56960.16;56966.07;116;0.0;0;1049.573;1049.608;9154;Hash Join;11;Outer;;0;5;25;1;0.2;1.07;2.4;108;0.0;0;9147;Nested Loop;6;Outer;;0;59037;14756;5;0.8001761995120629;4743.52;56044.88;128;0.0;0;9160;Seq Scan;7;Outer;;223;10000;0;0;1.0;0.0;323.0;8;10000.0;0;0.0;0.0;0.0;0.0;9159;Hash;6;Inner;;0;10000;10000;0;1.0;323.0;323.0;8;0.0;0;9158;Index Scan;7;Inner;;112600;5;0;0;8.331646174982899e-07;0.43;1.14;20;6001215.0;0;0.0;0.0;0.0;0.0
Q5_67_seed_541466046;9165;Sort;4;Outer;;0;2344;2344;0;1.0;56891.62;56897.48;116;0.0;0;1028.561;1028.596;9174;Hash Join;11;Outer;;0;5;25;1;0.2;1.07;2.4;108;0.0;0;9167;Nested Loop;6;Outer;;0;58597;14646;5;0.8001775228731394;4743.52;55979.78;128;0.0;0;9180;Seq Scan;7;Outer;;223;10000;0;0;1.0;0.0;323.0;8;10000.0;0;0.0;0.0;0.0;0.0;9179;Hash;6;Inner;;0;10000;10000;0;1.0;323.0;323.0;8;0.0;0;9178;Index Scan;7;Inner;;112600;5;0;0;8.331646174982899e-07;0.43;1.15;20;6001215.0;0;0.0;0.0;0.0;0.0
Q5_6_seed_41020155;9225;Sort;4;Outer;;0;2338;2338;0;1.0;56870.62;56876.47;116;0.0;0;1056.008;1056.042;9234;Hash Join;11;Outer;;0;5;25;1;0.2;1.07;2.4;108;0.0;0;9227;Nested Loop;6;Outer;;0;58459;14612;5;0.8001505611825896;4743.52;55959.89;128;0.0;0;9240;Seq Scan;7;Outer;;223;10000;0;0;1.0;0.0;323.0;8;10000.0;0;0.0;0.0;0.0;0.0;9239;Hash;6;Inner;;0;10000;10000;0;1.0;323.0;323.0;8;0.0;0;9238;Index Scan;7;Inner;;112600;5;0;0;8.331646174982899e-07;0.43;1.15;20;6001215.0;0;0.0;0.0;0.0;0.0
Q5_71_seed_574282170;9265;Sort;4;Outer;;0;2344;2344;0;1.0;56891.62;56897.48;116;0.0;0;1058.67;1058.704;9274;Hash Join;11;Outer;;0;5;25;1;0.2;1.07;2.4;108;0.0;0;9267;Nested Loop;6;Outer;;0;58597;14646;5;0.8001775228731394;4743.52;55979.78;128;0.0;0;9280;Seq Scan;7;Outer;;223;10000;0;0;1.0;0.0;323.0;8;10000.0;0;0.0;0.0;0.0;0.0;9279;Hash;6;Inner;;0;10000;10000;0;1.0;323.0;323.0;8;0.0;0;9278;Index Scan;7;Inner;;112600;5;0;0;8.331646174982899e-07;0.43;1.15;20;6001215.0;0;0.0;0.0;0.0;0.0
Q5_72_seed_582486201;9285;Sort;4;Outer;;0;2382;2382;0;1.0;57040.51;57046.46;116;0.0;0;1087.58;1087.618;9294;Hash Join;11;Outer;;0;5;25;1;0.2;1.07;2.4;108;0.0;0;9287;Nested Loop;6;Outer;;0;59546;14884;5;0.800134372480516;4743.52;56121.28;128;0.0;0;9300;Seq Scan;7;Outer;;223;10000;0;0;1.0;0.0;323.0;8;10000.0;0;0.0;0.0;0.0;0.0;9299;Hash;6;Inner;;0;10000;10000;0;1.0;323.0;323.0;8;0.0;0;9298;Index Scan;7;Inner;;112600;5;0;0;8.331646174982899e-07;0.43;1.14;20;6001215.0;0;0.0;0.0;0.0;0.0
Q5_73_seed_590690232;9305;Sort;4;Outer;;0;2344;2344;0;1.0;56891.62;56897.48;116;0.0;0;1071.33;1071.366;9314;Hash Join;11;Outer;;0;5;25;1;0.2;1.07;2.4;108;0.0;0;9307;Nested Loop;6;Outer;;0;58597;14646;5;0.8001775228731394;4743.52;55979.78;128;0.0;0;9320;Seq Scan;7;Outer;;223;10000;0;0;1.0;0.0;323.0;8;10000.0;0;0.0;0.0;0.0;0.0;9319;Hash;6;Inner;;0;10000;10000;0;1.0;323.0;323.0;8;0.0;0;9318;Index Scan;7;Inner;;112600;5;0;0;8.331646174982899e-07;0.43;1.15;20;6001215.0;0;0.0;0.0;0.0;0.0
Q5_76_seed_615302325;9365;Sort;4;Outer;;0;2382;2382;0;1.0;57040.51;57046.46;116;0.0;0;1053.202;1053.237;9374;Hash Join;11;Outer;;0;5;25;1;0.2;1.07;2.4;108;0.0;0;9367;Nested Loop;6;Outer;;0;59546;14884;5;0.800134372480516;4743.52;56121.28;128;0.0;0;9380;Seq Scan;7;Outer;;223;10000;0;0;1.0;0.0;323.0;8;10000.0;0;0.0;0.0;0.0;0.0;9379;Hash;6;Inner;;0;10000;10000;0;1.0;323.0;323.0;8;0.0;0;9378;Index Scan;7;Inner;;112600;5;0;0;8.331646174982899e-07;0.43;1.14;20;6001215.0;0;0.0;0.0;0.0;0.0
Q5_77_seed_623506356;9385;Sort;4;Outer;;0;2344;2344;0;1.0;56891.62;56897.48;116;0.0;0;1093.112;1093.149;9394;Hash Join;11;Outer;;0;5;25;1;0.2;1.07;2.4;108;0.0;0;9387;Nested Loop;6;Outer;;0;58597;14646;5;0.8001775228731394;4743.52;55979.78;128;0.0;0;9400;Seq Scan;7;Outer;;223;10000;0;0;1.0;0.0;323.0;8;10000.0;0;0.0;0.0;0.0;0.0;9399;Hash;6;Inner;;0;10000;10000;0;1.0;323.0;323.0;8;0.0;0;9398;Index Scan;7;Inner;;112600;5;0;0;8.331646174982899e-07;0.43;1.15;20;6001215.0;0;0.0;0.0;0.0;0.0
Q5_78_seed_631710387;9405;Sort;4;Outer;;0;2382;2382;0;1.0;57040.51;57046.46;116;0.0;0;1047.065;1047.101;9414;Hash Join;11;Outer;;0;5;25;1;0.2;1.07;2.4;108;0.0;0;9407;Nested Loop;6;Outer;;0;59546;14884;5;0.800134372480516;4743.52;56121.28;128;0.0;0;9420;Seq Scan;7;Outer;;223;10000;0;0;1.0;0.0;323.0;8;10000.0;0;0.0;0.0;0.0;0.0;9419;Hash;6;Inner;;0;10000;10000;0;1.0;323.0;323.0;8;0.0;0;9418;Index Scan;7;Inner;;112600;5;0;0;8.331646174982899e-07;0.43;1.14;20;6001215.0;0;0.0;0.0;0.0;0.0
Q5_7_seed_49224186;9445;Sort;4;Outer;;0;2362;2362;0;1.0;56960.16;56966.07;116;0.0;0;1074.107;1074.143;9454;Hash Join;11;Outer;;0;5;25;1;0.2;1.07;2.4;108;0.0;0;9447;Nested Loop;6;Outer;;0;59037;14756;5;0.8001761995120629;4743.52;56044.88;128;0.0;0;9460;Seq Scan;7;Outer;;223;10000;0;0;1.0;0.0;323.0;8;10000.0;0;0.0;0.0;0.0;0.0;9459;Hash;6;Inner;;0;10000;10000;0;1.0;323.0;323.0;8;0.0;0;9458;Index Scan;7;Inner;;112600;5;0;0;8.331646174982899e-07;0.43;1.14;20;6001215.0;0;0.0;0.0;0.0;0.0
Q5_80_seed_648118449;9465;Sort;4;Outer;;0;2382;2382;0;1.0;57040.51;57046.46;116;0.0;0;1076.486;1076.523;9474;Hash Join;11;Outer;;0;5;25;1;0.2;1.07;2.4;108;0.0;0;9467;Nested Loop;6;Outer;;0;59546;14884;5;0.800134372480516;4743.52;56121.28;128;0.0;0;9480;Seq Scan;7;Outer;;223;10000;0;0;1.0;0.0;323.0;8;10000.0;0;0.0;0.0;0.0;0.0;9479;Hash;6;Inner;;0;10000;10000;0;1.0;323.0;323.0;8;0.0;0;9478;Index Scan;7;Inner;;112600;5;0;0;8.331646174982899e-07;0.43;1.14;20;6001215.0;0;0.0;0.0;0.0;0.0
Q5_82_seed_664526511;9505;Sort;4;Outer;;0;2382;2382;0;1.0;57040.51;57046.46;116;0.0;0;1075.82;1075.856;9514;Hash Join;11;Outer;;0;5;25;1;0.2;1.07;2.4;108;0.0;0;9507;Nested Loop;6;Outer;;0;59546;14884;5;0.800134372480516;4743.52;56121.28;128;0.0;0;9520;Seq Scan;7;Outer;;223;10000;0;0;1.0;0.0;323.0;8;10000.0;0;0.0;0.0;0.0;0.0;9519;Hash;6;Inner;;0;10000;10000;0;1.0;323.0;323.0;8;0.0;0;9518;Index Scan;7;Inner;;112600;5;0;0;8.331646174982899e-07;0.43;1.14;20;6001215.0;0;0.0;0.0;0.0;0.0
Q5_84_seed_680934573;9545;Sort;4;Outer;;0;2382;2382;0;1.0;57040.51;57046.46;116;0.0;0;1058.899;1058.933;9554;Hash Join;11;Outer;;0;5;25;1;0.2;1.07;2.4;108;0.0;0;9547;Nested Loop;6;Outer;;0;59546;14884;5;0.800134372480516;4743.52;56121.28;128;0.0;0;9560;Seq Scan;7;Outer;;223;10000;0;0;1.0;0.0;323.0;8;10000.0;0;0.0;0.0;0.0;0.0;9559;Hash;6;Inner;;0;10000;10000;0;1.0;323.0;323.0;8;0.0;0;9558;Index Scan;7;Inner;;112600;5;0;0;8.331646174982899e-07;0.43;1.14;20;6001215.0;0;0.0;0.0;0.0;0.0
Q5_88_seed_713750697;9625;Sort;4;Outer;;0;2382;2382;0;1.0;57040.51;57046.46;116;0.0;0;1049.399;1049.436;9634;Hash Join;11;Outer;;0;5;25;1;0.2;1.07;2.4;108;0.0;0;9627;Nested Loop;6;Outer;;0;59546;14884;5;0.800134372480516;4743.52;56121.28;128;0.0;0;9640;Seq Scan;7;Outer;;223;10000;0;0;1.0;0.0;323.0;8;10000.0;0;0.0;0.0;0.0;0.0;9639;Hash;6;Inner;;0;10000;10000;0;1.0;323.0;323.0;8;0.0;0;9638;Index Scan;7;Inner;;112600;5;0;0;8.331646174982899e-07;0.43;1.14;20;6001215.0;0;0.0;0.0;0.0;0.0
Q5_89_seed_721954728;9645;Sort;4;Outer;;0;2350;2350;0;1.0;56916.25;56922.13;116;0.0;0;1051.429;1051.464;9654;Hash Join;11;Outer;;0;5;25;1;0.2;1.07;2.4;108;0.0;0;9647;Nested Loop;6;Outer;;0;58750;14685;5;0.8001361933946204;4743.52;56003.24;128;0.0;0;9660;Seq Scan;7;Outer;;223;10000;0;0;1.0;0.0;323.0;8;10000.0;0;0.0;0.0;0.0;0.0;9659;Hash;6;Inner;;0;10000;10000;0;1.0;323.0;323.0;8;0.0;0;9658;Index Scan;7;Inner;;112600;5;0;0;8.331646174982899e-07;0.43;1.14;20;6001215.0;0;0.0;0.0;0.0;0.0
Q5_90_seed_730158759;9685;Sort;4;Outer;;0;2338;2338;0;1.0;56870.62;56876.47;116;0.0;0;1064.215;1064.254;9694;Hash Join;11;Outer;;0;5;25;1;0.2;1.07;2.4;108;0.0;0;9687;Nested Loop;6;Outer;;0;58459;14612;5;0.8001505611825896;4743.52;55959.89;128;0.0;0;9700;Seq Scan;7;Outer;;223;10000;0;0;1.0;0.0;323.0;8;10000.0;0;0.0;0.0;0.0;0.0;9699;Hash;6;Inner;;0;10000;10000;0;1.0;323.0;323.0;8;0.0;0;9698;Index Scan;7;Inner;;112600;5;0;0;8.331646174982899e-07;0.43;1.15;20;6001215.0;0;0.0;0.0;0.0;0.0
Q5_92_seed_746566821;9725;Sort;4;Outer;;0;2338;2338;0;1.0;56870.62;56876.47;116;0.0;0;1050.405;1050.446;9734;Hash Join;11;Outer;;0;5;25;1;0.2;1.07;2.4;108;0.0;0;9727;Nested Loop;6;Outer;;0;58459;14612;5;0.8001505611825896;4743.52;55959.89;128;0.0;0;9740;Seq Scan;7;Outer;;223;10000;0;0;1.0;0.0;323.0;8;10000.0;0;0.0;0.0;0.0;0.0;9739;Hash;6;Inner;;0;10000;10000;0;1.0;323.0;323.0;8;0.0;0;9738;Index Scan;7;Inner;;112600;5;0;0;8.331646174982899e-07;0.43;1.15;20;6001215.0;0;0.0;0.0;0.0;0.0
Q5_93_seed_754770852;9745;Sort;4;Outer;;0;2350;2350;0;1.0;56916.25;56922.13;116;0.0;0;1093.598;1093.634;9754;Hash Join;11;Outer;;0;5;25;1;0.2;1.07;2.4;108;0.0;0;9747;Nested Loop;6;Outer;;0;58750;14685;5;0.8001361933946204;4743.52;56003.24;128;0.0;0;9760;Seq Scan;7;Outer;;223;10000;0;0;1.0;0.0;323.0;8;10000.0;0;0.0;0.0;0.0;0.0;9759;Hash;6;Inner;;0;10000;10000;0;1.0;323.0;323.0;8;0.0;0;9758;Index Scan;7;Inner;;112600;5;0;0;8.331646174982899e-07;0.43;1.14;20;6001215.0;0;0.0;0.0;0.0;0.0
Q5_94_seed_762974883;9765;Sort;4;Outer;;0;2338;2338;0;1.0;56870.62;56876.47;116;0.0;0;1067.005;1067.041;9774;Hash Join;11;Outer;;0;5;25;1;0.2;1.07;2.4;108;0.0;0;9767;Nested Loop;6;Outer;;0;58459;14612;5;0.8001505611825896;4743.52;55959.89;128;0.0;0;9780;Seq Scan;7;Outer;;223;10000;0;0;1.0;0.0;323.0;8;10000.0;0;0.0;0.0;0.0;0.0;9779;Hash;6;Inner;;0;10000;10000;0;1.0;323.0;323.0;8;0.0;0;9778;Index Scan;7;Inner;;112600;5;0;0;8.331646174982899e-07;0.43;1.15;20;6001215.0;0;0.0;0.0;0.0;0.0
Q5_95_seed_771178914;9785;Sort;4;Outer;;0;2350;2350;0;1.0;56916.25;56922.13;116;0.0;0;1081.947;1081.983;9794;Hash Join;11;Outer;;0;5;25;1;0.2;1.07;2.4;108;0.0;0;9787;Nested Loop;6;Outer;;0;58750;14685;5;0.8001361933946204;4743.52;56003.24;128;0.0;0;9800;Seq Scan;7;Outer;;223;10000;0;0;1.0;0.0;323.0;8;10000.0;0;0.0;0.0;0.0;0.0;9799;Hash;6;Inner;;0;10000;10000;0;1.0;323.0;323.0;8;0.0;0;9798;Index Scan;7;Inner;;112600;5;0;0;8.331646174982899e-07;0.43;1.14;20;6001215.0;0;0.0;0.0;0.0;0.0
Q5_96_seed_779382945;9805;Sort;4;Outer;;0;2338;2338;0;1.0;56870.62;56876.47;116;0.0;0;1083.284;1083.318;9814;Hash Join;11;Outer;;0;5;25;1;0.2;1.07;2.4;108;0.0;0;9807;Nested Loop;6;Outer;;0;58459;14612;5;0.8001505611825896;4743.52;55959.89;128;0.0;0;9820;Seq Scan;7;Outer;;223;10000;0;0;1.0;0.0;323.0;8;10000.0;0;0.0;0.0;0.0;0.0;9819;Hash;6;Inner;;0;10000;10000;0;1.0;323.0;323.0;8;0.0;0;9818;Index Scan;7;Inner;;112600;5;0;0;8.331646174982899e-07;0.43;1.15;20;6001215.0;0;0.0;0.0;0.0;0.0
Q5_98_seed_795791007;9845;Sort;4;Outer;;0;2338;2338;0;1.0;56870.62;56876.47;116;0.0;0;1059.236;1059.277;9854;Hash Join;11;Outer;;0;5;25;1;0.2;1.07;2.4;108;0.0;0;9847;Nested Loop;6;Outer;;0;58459;14612;5;0.8001505611825896;4743.52;55959.89;128;0.0;0;9860;Seq Scan;7;Outer;;223;10000;0;0;1.0;0.0;323.0;8;10000.0;0;0.0;0.0;0.0;0.0;9859;Hash;6;Inner;;0;10000;10000;0;1.0;323.0;323.0;8;0.0;0;9858;Index Scan;7;Inner;;112600;5;0;0;8.331646174982899e-07;0.43;1.15;20;6001215.0;0;0.0;0.0;0.0;0.0
