;initplan_count;subplan_count;Index_Scan_cnt;op_count;Seq_Scan_rows;Index_Only_Scan_cnt;jit_functions
initplan_count;1.0;-0.11764705882352895;-0.3243134988279849;0.1439765046035475;0.058915644450054;-0.117647058823529;-0.25934238309442054
subplan_count;-0.11764705882352895;1.0;0.19282197580447868;0.1982820946141481;-0.016951154951322243;0.44117647058823417;-0.2593423830944203
Index_Scan_cnt;-0.3243134988279849;0.19282197580447868;1.0;0.6968300271952002;0.11583511758287462;-0.3243134988279848;0.4169309984956704
op_count;0.1439765046035475;0.1982820946141481;0.6968300271952002;1.0;0.16901356701297474;-0.26331542047596723;0.028425132531524844
Seq_Scan_rows;0.058915644450054;-0.016951154951322243;0.11583511758287462;0.16901356701297474;1.0;0.23825534824875066;0.16766393755709372
Index_Only_Scan_cnt;-0.117647058823529;0.44117647058823417;-0.3243134988279848;-0.26331542047596723;0.23825534824875066;1.0;-0.2593423830944204
jit_functions;-0.25934238309442054;-0.2593423830944203;0.4169309984956704;0.028425132531524844;0.16766393755709372;-0.2593423830944204;1.0
