query_file;HashJoin_node_id;HashJoin_node_type;HashJoin_depth;HashJoin_parent_relationship;HashJoin_subplan_name;HashJoin_np;HashJoin_nt;HashJoin_nt1;HashJoin_nt2;HashJoin_sel;HashJoin_startup_cost;HashJoin_total_cost;HashJoin_plan_width;HashJoin_reltuples;HashJoin_parallel_workers;actual_startup_time;actual_total_time;HashJoin_st1;HashJoin_rt1;HashJoin_st2;HashJoin_rt2;HashJoin_template;NestedLoop_Outer_node_id;NestedLoop_Outer_node_type;NestedLoop_Outer_depth;NestedLoop_Outer_parent_relationship;NestedLoop_Outer_subplan_name;NestedLoop_Outer_np;NestedLoop_Outer_nt;NestedLoop_Outer_nt1;NestedLoop_Outer_nt2;NestedLoop_Outer_sel;NestedLoop_Outer_startup_cost;NestedLoop_Outer_total_cost;NestedLoop_Outer_plan_width;NestedLoop_Outer_reltuples;NestedLoop_Outer_parallel_workers;NestedLoop_Outer_st1;NestedLoop_Outer_rt1;NestedLoop_Outer_st2;NestedLoop_Outer_rt2;NestedLoop_Outer_template;HashJoin_Outer_node_id;HashJoin_Outer_node_type;HashJoin_Outer_depth;HashJoin_Outer_parent_relationship;HashJoin_Outer_subplan_name;HashJoin_Outer_np;HashJoin_Outer_nt;HashJoin_Outer_nt1;HashJoin_Outer_nt2;HashJoin_Outer_sel;HashJoin_Outer_startup_cost;HashJoin_Outer_total_cost;HashJoin_Outer_plan_width;HashJoin_Outer_reltuples;HashJoin_Outer_parallel_workers;HashJoin_Outer_st1;HashJoin_Outer_rt1;HashJoin_Outer_st2;HashJoin_Outer_rt2;HashJoin_Outer_template;SeqScan_Outer_node_id;SeqScan_Outer_node_type;SeqScan_Outer_depth;SeqScan_Outer_parent_relationship;SeqScan_Outer_subplan_name;SeqScan_Outer_np;SeqScan_Outer_nt;SeqScan_Outer_nt1;SeqScan_Outer_nt2;SeqScan_Outer_sel;SeqScan_Outer_startup_cost;SeqScan_Outer_total_cost;SeqScan_Outer_plan_width;SeqScan_Outer_reltuples;SeqScan_Outer_parallel_workers;SeqScan_Outer_template;Hash_Inner_node_id;Hash_Inner_node_type;Hash_Inner_depth;Hash_Inner_parent_relationship;Hash_Inner_subplan_name;Hash_Inner_np;Hash_Inner_nt;Hash_Inner_nt1;Hash_Inner_nt2;Hash_Inner_sel;Hash_Inner_startup_cost;Hash_Inner_total_cost;Hash_Inner_plan_width;Hash_Inner_reltuples;Hash_Inner_parallel_workers;Hash_Inner_st1;Hash_Inner_rt1;Hash_Inner_st2;Hash_Inner_rt2;Hash_Inner_template;IndexScan_Inner_node_id;IndexScan_Inner_node_type;IndexScan_Inner_depth;IndexScan_Inner_parent_relationship;IndexScan_Inner_subplan_name;IndexScan_Inner_np;IndexScan_Inner_nt;IndexScan_Inner_nt1;IndexScan_Inner_nt2;IndexScan_Inner_sel;IndexScan_Inner_startup_cost;IndexScan_Inner_total_cost;IndexScan_Inner_plan_width;IndexScan_Inner_reltuples;IndexScan_Inner_parallel_workers;IndexScan_Inner_template
Q5_101_seed_820403100;6926;Hash Join;5;Outer;;0;2362;59037;10000;4.0008808035638665e-06;5216.52;56827.82;116;0.0;0;41.415;1057.25;36.051;1045.553;3.722;3.722;Q5;6927;Nested Loop;6;Outer;;0;59037;14756;5;0.8001761995120629;4743.52;56044.88;128;0.0;0;34.708;213.732;0.068;0.073;Q5;6931;Hash Join;9;Outer;;0;12500;62500;5;0.04;2.46;4586.84;116;0.0;0;0.579;30.88;0.073;0.073;Q5;6940;Seq Scan;7;Outer;;223;10000;0;0;1.0;0.0;323.0;8;10000.0;0;Q5;6939;Hash;6;Inner;;0;10000;10000;0;1.0;323.0;323.0;8;0.0;0;0.086;3.228;0.0;0.0;Q5;6938;Index Scan;7;Inner;;112600;5;0;0;8.331646174982899e-07;0.43;1.14;20;6001215.0;0;Q5
Q5_102_seed_828607131;6946;Hash Join;5;Outer;;0;2338;58459;10000;3.999384183786928e-06;5216.52;56739.8;116;0.0;0;42.917;1061.574;36.84;1050.07;3.456;3.456;Q5;6947;Nested Loop;6;Outer;;0;58459;14612;5;0.8001505611825896;4743.52;55959.89;128;0.0;0;36.486;215.197;0.069;0.073;Q5;6951;Hash Join;9;Outer;;0;12500;62500;5;0.04;2.46;4586.84;116;0.0;0;0.099;33.154;0.087;0.088;Q5;6960;Seq Scan;7;Outer;;223;10000;0;0;1.0;0.0;323.0;8;10000.0;0;Q5;6959;Hash;6;Inner;;0;10000;10000;0;1.0;323.0;323.0;8;0.0;0;0.091;2.926;0.0;0.0;Q5;6958;Index Scan;7;Inner;;112600;5;0;0;8.331646174982899e-07;0.43;1.15;20;6001215.0;0;Q5
Q5_103_seed_836811162;6966;Hash Join;5;Outer;;0;2362;59037;10000;4.0008808035638665e-06;5216.52;56827.82;116;0.0;0;42.023;1077.493;38.455;1066.686;2.753;2.753;Q5;6967;Nested Loop;6;Outer;;0;59037;14756;5;0.8001761995120629;4743.52;56044.88;128;0.0;0;38.188;221.91;0.07;0.074;Q5;6971;Hash Join;9;Outer;;0;12500;62500;5;0.04;2.46;4586.84;116;0.0;0;0.154;35.509;0.18;0.181;Q5;6980;Seq Scan;7;Outer;;223;10000;0;0;1.0;0.0;323.0;8;10000.0;0;Q5;6979;Hash;6;Inner;;0;10000;10000;0;1.0;323.0;323.0;8;0.0;0;0.094;2.171;0.0;0.0;Q5;6978;Index Scan;7;Inner;;112600;5;0;0;8.331646174982899e-07;0.43;1.14;20;6001215.0;0;Q5
Q5_105_seed_853219224;7006;Hash Join;5;Outer;;0;2362;59037;10000;4.0008808035638665e-06;5216.52;56827.82;116;0.0;0;40.139;1062.551;35.329;1050.645;3.772;3.772;Q5;7007;Nested Loop;6;Outer;;0;59037;14756;5;0.8001761995120629;4743.52;56044.88;128;0.0;0;34.867;217.049;0.069;0.073;Q5;7011;Hash Join;9;Outer;;0;12500;62500;5;0.04;2.46;4586.84;116;0.0;0;0.521;31.324;0.071;0.072;Q5;7020;Seq Scan;7;Outer;;223;10000;0;0;1.0;0.0;323.0;8;10000.0;0;Q5;7019;Hash;6;Inner;;0;10000;10000;0;1.0;323.0;323.0;8;0.0;0;0.08;3.225;0.0;0.0;Q5;7018;Index Scan;7;Inner;;112600;5;0;0;8.331646174982899e-07;0.43;1.14;20;6001215.0;0;Q5
Q5_106_seed_861423255;7026;Hash Join;5;Outer;;0;2338;58459;10000;3.999384183786928e-06;5216.52;56739.8;116;0.0;0;41.986;1085.786;35.409;1072.261;5.307;5.307;Q5;7027;Nested Loop;6;Outer;;0;58459;14612;5;0.8001505611825896;4743.52;55959.89;128;0.0;0;35.222;217.828;0.071;0.075;Q5;7031;Hash Join;9;Outer;;0;12500;62500;5;0.04;2.46;4586.84;116;0.0;0;0.32;32.71;0.074;0.075;Q5;7040;Seq Scan;7;Outer;;223;10000;0;0;1.0;0.0;323.0;8;10000.0;0;Q5;7039;Hash;6;Inner;;0;10000;10000;0;1.0;323.0;323.0;8;0.0;0;0.087;4.781;0.0;0.0;Q5;7038;Index Scan;7;Inner;;112600;5;0;0;8.331646174982899e-07;0.43;1.15;20;6001215.0;0;Q5
Q5_107_seed_869627286;7046;Hash Join;5;Outer;;0;2362;59037;10000;4.0008808035638665e-06;5216.52;56827.82;116;0.0;0;35.974;1037.268;32.212;1026.513;2.726;2.726;Q5;7047;Nested Loop;6;Outer;;0;59037;14756;5;0.8001761995120629;4743.52;56044.88;128;0.0;0;31.985;208.146;0.068;0.072;Q5;7051;Hash Join;9;Outer;;0;12500;62500;5;0.04;2.46;4586.84;116;0.0;0;0.543;29.184;0.105;0.105;Q5;7060;Seq Scan;7;Outer;;223;10000;0;0;1.0;0.0;323.0;8;10000.0;0;Q5;7059;Hash;6;Inner;;0;10000;10000;0;1.0;323.0;323.0;8;0.0;0;0.067;2.203;0.0;0.0;Q5;7058;Index Scan;7;Inner;;112600;5;0;0;8.331646174982899e-07;0.43;1.14;20;6001215.0;0;Q5
Q5_108_seed_877831317;7066;Hash Join;5;Outer;;0;2338;58459;10000;3.999384183786928e-06;5216.52;56739.8;116;0.0;0;42.795;1083.023;37.774;1071.775;3.026;3.026;Q5;7067;Nested Loop;6;Outer;;0;58459;14612;5;0.8001505611825896;4743.52;55959.89;128;0.0;0;37.615;219.53;0.071;0.075;Q5;7071;Hash Join;9;Outer;;0;12500;62500;5;0.04;2.46;4586.84;116;0.0;0;0.131;34.329;0.112;0.112;Q5;7080;Seq Scan;7;Outer;;223;10000;0;0;1.0;0.0;323.0;8;10000.0;0;Q5;7079;Hash;6;Inner;;0;10000;10000;0;1.0;323.0;323.0;8;0.0;0;0.084;2.493;0.0;0.0;Q5;7078;Index Scan;7;Inner;;112600;5;0;0;8.331646174982899e-07;0.43;1.15;20;6001215.0;0;Q5
Q5_10_seed_73836279;7106;Hash Join;5;Outer;;0;2338;58459;10000;3.999384183786928e-06;5216.52;56739.8;116;0.0;0;40.743;1050.231;36.227;1037.949;3.95;3.95;Q5;7107;Nested Loop;6;Outer;;0;58459;14612;5;0.8001505611825896;4743.52;55959.89;128;0.0;0;36.041;214.399;0.068;0.072;Q5;7111;Hash Join;9;Outer;;0;12500;62500;5;0.04;2.46;4586.84;116;0.0;0;0.613;31.578;0.075;0.075;Q5;7120;Seq Scan;7;Outer;;223;10000;0;0;1.0;0.0;323.0;8;10000.0;0;Q5;7119;Hash;6;Inner;;0;10000;10000;0;1.0;323.0;323.0;8;0.0;0;0.085;3.339;0.0;0.0;Q5;7118;Index Scan;7;Inner;;112600;5;0;0;8.331646174982899e-07;0.43;1.15;20;6001215.0;0;Q5
Q5_113_seed_918851472;7186;Hash Join;5;Outer;;0;2362;59037;10000;4.0008808035638665e-06;5216.52;56827.82;116;0.0;0;40.828;1060.856;36.713;1049.856;2.854;2.855;Q5;7187;Nested Loop;6;Outer;;0;59037;14756;5;0.8001761995120629;4743.52;56044.88;128;0.0;0;36.465;217.571;0.068;0.073;Q5;7191;Hash Join;9;Outer;;0;12500;62500;5;0.04;2.46;4586.84;116;0.0;0;0.16;33.753;0.181;0.182;Q5;7200;Seq Scan;7;Outer;;223;10000;0;0;1.0;0.0;323.0;8;10000.0;0;Q5;7199;Hash;6;Inner;;0;10000;10000;0;1.0;323.0;323.0;8;0.0;0;0.075;2.3;0.0;0.0;Q5;7198;Index Scan;7;Inner;;112600;5;0;0;8.331646174982899e-07;0.43;1.14;20;6001215.0;0;Q5
Q5_114_seed_927055503;7206;Hash Join;5;Outer;;0;2344;58597;10000;4.000204788641057e-06;5216.52;56760.42;116;0.0;0;37.85;1078.622;33.982;1067.078;3.136;3.136;Q5;7207;Nested Loop;6;Outer;;0;58597;14646;5;0.8001775228731394;4743.52;55979.78;128;0.0;0;33.304;213.476;0.069;0.074;Q5;7211;Hash Join;9;Outer;;0;12500;62500;5;0.04;2.46;4586.84;116;0.0;0;0.155;29.985;0.155;0.156;Q5;7220;Seq Scan;7;Outer;;223;10000;0;0;1.0;0.0;323.0;8;10000.0;0;Q5;7219;Hash;6;Inner;;0;10000;10000;0;1.0;323.0;323.0;8;0.0;0;0.088;2.635;0.0;0.0;Q5;7218;Index Scan;7;Inner;;112600;5;0;0;8.331646174982899e-07;0.43;1.15;20;6001215.0;0;Q5
Q5_115_seed_935259534;7226;Hash Join;5;Outer;;0;2362;59037;10000;4.0008808035638665e-06;5216.52;56827.82;116;0.0;0;37.736;1043.022;33.067;1030.845;4.053;4.053;Q5;7227;Nested Loop;6;Outer;;0;59037;14756;5;0.8001761995120629;4743.52;56044.88;128;0.0;0;32.835;211.763;0.067;0.071;Q5;7231;Hash Join;9;Outer;;0;12500;62500;5;0.04;2.46;4586.84;116;0.0;0;0.01;30.141;0.154;0.155;Q5;7240;Seq Scan;7;Outer;;223;10000;0;0;1.0;0.0;323.0;8;10000.0;0;Q5;7239;Hash;6;Inner;;0;10000;10000;0;1.0;323.0;323.0;8;0.0;0;0.085;3.498;0.0;0.0;Q5;7238;Index Scan;7;Inner;;112600;5;0;0;8.331646174982899e-07;0.43;1.14;20;6001215.0;0;Q5
Q5_116_seed_943463565;7246;Hash Join;5;Outer;;0;2344;58597;10000;4.000204788641057e-06;5216.52;56760.42;116;0.0;0;41.124;1062.453;36.505;1050.771;3.673;3.673;Q5;7247;Nested Loop;6;Outer;;0;58597;14646;5;0.8001775228731394;4743.52;55979.78;128;0.0;0;36.262;216.949;0.069;0.072;Q5;7251;Hash Join;9;Outer;;0;12500;62500;5;0.04;2.46;4586.84;116;0.0;0;0.045;33.09;0.192;0.193;Q5;7260;Seq Scan;7;Outer;;223;10000;0;0;1.0;0.0;323.0;8;10000.0;0;Q5;7259;Hash;6;Inner;;0;10000;10000;0;1.0;323.0;323.0;8;0.0;0;0.083;2.367;0.0;0.0;Q5;7258;Index Scan;7;Inner;;112600;5;0;0;8.331646174982899e-07;0.43;1.15;20;6001215.0;0;Q5
Q5_119_seed_968075658;7306;Hash Join;5;Outer;;0;2382;59546;10000;4.000268699828704e-06;5216.52;56906.9;116;0.0;0;43.761;1059.29;38.073;1047.544;3.749;3.749;Q5;7307;Nested Loop;6;Outer;;0;59546;14884;5;0.800134372480516;4743.52;56121.28;128;0.0;0;37.831;219.165;0.068;0.072;Q5;7311;Hash Join;9;Outer;;0;12500;62500;5;0.04;2.46;4586.84;116;0.0;0;0.878;33.857;0.276;0.277;Q5;7320;Seq Scan;7;Outer;;223;10000;0;0;1.0;0.0;323.0;8;10000.0;0;Q5;7319;Hash;6;Inner;;0;10000;10000;0;1.0;323.0;323.0;8;0.0;0;0.085;3.237;0.0;0.0;Q5;7318;Index Scan;7;Inner;;112600;5;0;0;8.331646174982899e-07;0.43;1.14;20;6001215.0;0;Q5
Q5_11_seed_82040310;7326;Hash Join;5;Outer;;0;2362;59037;10000;4.0008808035638665e-06;5216.52;56827.82;116;0.0;0;45.374;1064.687;39.581;1052.13;4.488;4.488;Q5;7327;Nested Loop;6;Outer;;0;59037;14756;5;0.8001761995120629;4743.52;56044.88;128;0.0;0;39.461;218.737;0.069;0.072;Q5;7331;Hash Join;9;Outer;;0;12500;62500;5;0.04;2.46;4586.84;116;0.0;0;0.009;34.609;0.146;0.147;Q5;7340;Seq Scan;7;Outer;;223;10000;0;0;1.0;0.0;323.0;8;10000.0;0;Q5;7339;Hash;6;Inner;;0;10000;10000;0;1.0;323.0;323.0;8;0.0;0;0.075;3.934;0.0;0.0;Q5;7338;Index Scan;7;Inner;;112600;5;0;0;8.331646174982899e-07;0.43;1.14;20;6001215.0;0;Q5
Q5_121_seed_984483720;7366;Hash Join;5;Outer;;0;2382;59546;10000;4.000268699828704e-06;5216.52;56906.9;116;0.0;0;40.53;1068.832;35.927;1057.315;3.293;3.293;Q5;7367;Nested Loop;6;Outer;;0;59546;14884;5;0.800134372480516;4743.52;56121.28;128;0.0;0;35.686;216.468;0.069;0.074;Q5;7371;Hash Join;9;Outer;;0;12500;62500;5;0.04;2.46;4586.84;116;0.0;0;0.153;32.993;0.256;0.256;Q5;7380;Seq Scan;7;Outer;;223;10000;0;0;1.0;0.0;323.0;8;10000.0;0;Q5;7379;Hash;6;Inner;;0;10000;10000;0;1.0;323.0;323.0;8;0.0;0;0.087;2.599;0.0;0.0;Q5;7378;Index Scan;7;Inner;;112600;5;0;0;8.331646174982899e-07;0.43;1.14;20;6001215.0;0;Q5
Q5_122_seed_992687751;7386;Hash Join;5;Outer;;0;2344;58597;10000;4.000204788641057e-06;5216.52;56760.42;116;0.0;0;39.74;1060.583;35.249;1049.638;2.915;2.915;Q5;7387;Nested Loop;6;Outer;;0;58597;14646;5;0.8001775228731394;4743.52;55979.78;128;0.0;0;34.968;216.861;0.069;0.073;Q5;7391;Hash Join;9;Outer;;0;12500;62500;5;0.04;2.46;4586.84;116;0.0;0;0.411;30.53;0.076;0.076;Q5;7400;Seq Scan;7;Outer;;223;10000;0;0;1.0;0.0;323.0;8;10000.0;0;Q5;7399;Hash;6;Inner;;0;10000;10000;0;1.0;323.0;323.0;8;0.0;0;0.081;2.416;0.0;0.0;Q5;7398;Index Scan;7;Inner;;112600;5;0;0;8.331646174982899e-07;0.43;1.15;20;6001215.0;0;Q5
Q5_123_seed_1000891782;7406;Hash Join;5;Outer;;0;2382;59546;10000;4.000268699828704e-06;5216.52;56906.9;116;0.0;0;38.573;1055.99;34.696;1044.48;3.484;3.484;Q5;7407;Nested Loop;6;Outer;;0;59546;14884;5;0.800134372480516;4743.52;56121.28;128;0.0;0;34.456;212.871;0.069;0.073;Q5;7411;Hash Join;9;Outer;;0;12500;62500;5;0.04;2.46;4586.84;116;0.0;0;0.201;32.062;0.077;0.077;Q5;7420;Seq Scan;7;Outer;;223;10000;0;0;1.0;0.0;323.0;8;10000.0;0;Q5;7419;Hash;6;Inner;;0;10000;10000;0;1.0;323.0;323.0;8;0.0;0;0.083;2.961;0.0;0.0;Q5;7418;Index Scan;7;Inner;;112600;5;0;0;8.331646174982899e-07;0.43;1.14;20;6001215.0;0;Q5
Q5_125_seed_1017299844;7446;Hash Join;5;Outer;;0;2382;59546;10000;4.000268699828704e-06;5216.52;56906.9;116;0.0;0;36.691;1054.473;30.601;1040.823;5.539;5.54;Q5;7447;Nested Loop;6;Outer;;0;59546;14884;5;0.800134372480516;4743.52;56121.28;128;0.0;0;30.371;209.691;0.07;0.073;Q5;7451;Hash Join;9;Outer;;0;12500;62500;5;0.04;2.46;4586.84;116;0.0;0;0.01;28.176;0.072;0.072;Q5;7460;Seq Scan;7;Outer;;223;10000;0;0;1.0;0.0;323.0;8;10000.0;0;Q5;7459;Hash;6;Inner;;0;10000;10000;0;1.0;323.0;323.0;8;0.0;0;0.154;5.077;0.0;0.0;Q5;7458;Index Scan;7;Inner;;112600;5;0;0;8.331646174982899e-07;0.43;1.14;20;6001215.0;0;Q5
Q5_126_seed_1025503875;7466;Hash Join;5;Outer;;0;2344;58597;10000;4.000204788641057e-06;5216.52;56760.42;116;0.0;0;40.855;1048.948;36.029;1036.724;4.198;4.198;Q5;7467;Nested Loop;6;Outer;;0;58597;14646;5;0.8001775228731394;4743.52;55979.78;128;0.0;0;35.781;214.476;0.069;0.073;Q5;7471;Hash Join;9;Outer;;0;12500;62500;5;0.04;2.46;4586.84;116;0.0;0;0.458;33.294;0.076;0.077;Q5;7480;Seq Scan;7;Outer;;223;10000;0;0;1.0;0.0;323.0;8;10000.0;0;Q5;7479;Hash;6;Inner;;0;10000;10000;0;1.0;323.0;323.0;8;0.0;0;0.086;3.678;0.0;0.0;Q5;7478;Index Scan;7;Inner;;112600;5;0;0;8.331646174982899e-07;0.43;1.15;20;6001215.0;0;Q5
Q5_12_seed_90244341;7546;Hash Join;5;Outer;;0;2344;58597;10000;4.000204788641057e-06;5216.52;56760.42;116;0.0;0;41.579;1082.901;37.076;1071.897;2.867;2.867;Q5;7547;Nested Loop;6;Outer;;0;58597;14646;5;0.8001775228731394;4743.52;55979.78;128;0.0;0;36.773;217.831;0.071;0.074;Q5;7551;Hash Join;9;Outer;;0;12500;62500;5;0.04;2.46;4586.84;116;0.0;0;0.678;34.354;0.157;0.157;Q5;7560;Seq Scan;7;Outer;;223;10000;0;0;1.0;0.0;323.0;8;10000.0;0;Q5;7559;Hash;6;Inner;;0;10000;10000;0;1.0;323.0;323.0;8;0.0;0;0.083;2.369;0.0;0.0;Q5;7558;Index Scan;7;Inner;;112600;5;0;0;8.331646174982899e-07;0.43;1.15;20;6001215.0;0;Q5
Q5_130_seed_1058319999;7566;Hash Join;5;Outer;;0;2350;58750;10000;4e-06;5216.52;56784.67;116;0.0;0;42.838;1050.317;37.315;1038.705;3.516;3.516;Q5;7567;Nested Loop;6;Outer;;0;58750;14685;5;0.8001361933946204;4743.52;56003.24;128;0.0;0;37.066;218.783;0.069;0.073;Q5;7571;Hash Join;9;Outer;;0;12500;62500;5;0.04;2.46;4586.84;116;0.0;0;0.201;34.612;0.072;0.072;Q5;7580;Seq Scan;7;Outer;;223;10000;0;0;1.0;0.0;323.0;8;10000.0;0;Q5;7579;Hash;6;Inner;;0;10000;10000;0;1.0;323.0;323.0;8;0.0;0;0.086;3.004;0.0;0.0;Q5;7578;Index Scan;7;Inner;;112600;5;0;0;8.331646174982899e-07;0.43;1.14;20;6001215.0;0;Q5
Q5_132_seed_1074728061;7606;Hash Join;5;Outer;;0;2350;58750;10000;4e-06;5216.52;56784.67;116;0.0;0;42.202;1074.731;38.771;1063.644;2.696;2.696;Q5;7607;Nested Loop;6;Outer;;0;58750;14685;5;0.8001361933946204;4743.52;56003.24;128;0.0;0;38.557;222.682;0.07;0.073;Q5;7611;Hash Join;9;Outer;;0;12500;62500;5;0.04;2.46;4586.84;116;0.0;0;0.157;35.603;0.183;0.183;Q5;7620;Seq Scan;7;Outer;;223;10000;0;0;1.0;0.0;323.0;8;10000.0;0;Q5;7619;Hash;6;Inner;;0;10000;10000;0;1.0;323.0;323.0;8;0.0;0;0.074;2.136;0.0;0.0;Q5;7618;Index Scan;7;Inner;;112600;5;0;0;8.331646174982899e-07;0.43;1.14;20;6001215.0;0;Q5
Q5_134_seed_1091136123;7646;Hash Join;5;Outer;;0;2350;58750;10000;4e-06;5216.52;56784.67;116;0.0;0;43.222;1076.333;37.45;1062.379;4.747;4.747;Q5;7647;Nested Loop;6;Outer;;0;58750;14685;5;0.8001361933946204;4743.52;56003.24;128;0.0;0;37.241;217.837;0.07;0.074;Q5;7651;Hash Join;9;Outer;;0;12500;62500;5;0.04;2.46;4586.84;116;0.0;0;0.013;34.801;0.069;0.07;Q5;7660;Seq Scan;7;Outer;;223;10000;0;0;1.0;0.0;323.0;8;10000.0;0;Q5;7659;Hash;6;Inner;;0;10000;10000;0;1.0;323.0;323.0;8;0.0;0;0.083;4.2;0.0;0.0;Q5;7658;Index Scan;7;Inner;;112600;5;0;0;8.331646174982899e-07;0.43;1.14;20;6001215.0;0;Q5
Q5_135_seed_1099340154;7666;Hash Join;5;Outer;;0;2382;59546;10000;4.000268699828704e-06;5216.52;56906.9;116;0.0;0;38.727;1055.514;33.35;1042.875;4.479;4.479;Q5;7667;Nested Loop;6;Outer;;0;59546;14884;5;0.800134372480516;4743.52;56121.28;128;0.0;0;33.117;210.019;0.068;0.071;Q5;7671;Hash Join;9;Outer;;0;12500;62500;5;0.04;2.46;4586.84;116;0.0;0;0.376;30.753;0.073;0.073;Q5;7680;Seq Scan;7;Outer;;223;10000;0;0;1.0;0.0;323.0;8;10000.0;0;Q5;7679;Hash;6;Inner;;0;10000;10000;0;1.0;323.0;323.0;8;0.0;0;0.088;3.956;0.0;0.0;Q5;7678;Index Scan;7;Inner;;112600;5;0;0;8.331646174982899e-07;0.43;1.14;20;6001215.0;0;Q5
Q5_136_seed_1107544185;7686;Hash Join;5;Outer;;0;2350;58750;10000;4e-06;5216.52;56784.67;116;0.0;0;41.82;1059.932;36.046;1046.625;5.191;5.191;Q5;7687;Nested Loop;6;Outer;;0;58750;14685;5;0.8001361933946204;4743.52;56003.24;128;0.0;0;35.274;215.928;0.069;0.073;Q5;7691;Hash Join;9;Outer;;0;12500;62500;5;0.04;2.46;4586.84;116;0.0;0;0.013;31.951;0.076;0.077;Q5;7700;Seq Scan;7;Outer;;223;10000;0;0;1.0;0.0;323.0;8;10000.0;0;Q5;7699;Hash;6;Inner;;0;10000;10000;0;1.0;323.0;323.0;8;0.0;0;0.095;4.606;0.0;0.0;Q5;7698;Index Scan;7;Inner;;112600;5;0;0;8.331646174982899e-07;0.43;1.14;20;6001215.0;0;Q5
Q5_138_seed_1123952247;7726;Hash Join;5;Outer;;0;2350;58750;10000;4e-06;5216.52;56784.67;116;0.0;0;38.896;1036.478;33.82;1024.192;4.178;4.178;Q5;7727;Nested Loop;6;Outer;;0;58750;14685;5;0.8001361933946204;4743.52;56003.24;128;0.0;0;33.664;213.337;0.067;0.071;Q5;7731;Hash Join;9;Outer;;0;12500;62500;5;0.04;2.46;4586.84;116;0.0;0;0.01;29.533;1.143;1.143;Q5;7740;Seq Scan;7;Outer;;223;10000;0;0;1.0;0.0;323.0;8;10000.0;0;Q5;7739;Hash;6;Inner;;0;10000;10000;0;1.0;323.0;323.0;8;0.0;0;0.084;3.665;0.0;0.0;Q5;7738;Index Scan;7;Inner;;112600;5;0;0;8.331646174982899e-07;0.43;1.14;20;6001215.0;0;Q5
Q5_139_seed_1132156278;7746;Hash Join;5;Outer;;0;2338;58459;10000;3.999384183786928e-06;5216.52;56739.8;116;0.0;0;43.273;1063.854;39.103;1051.994;3.63;3.63;Q5;7747;Nested Loop;6;Outer;;0;58459;14612;5;0.8001505611825896;4743.52;55959.89;128;0.0;0;38.953;220.817;0.069;0.072;Q5;7751;Hash Join;9;Outer;;0;12500;62500;5;0.04;2.46;4586.84;116;0.0;0;0.013;33.358;0.07;0.071;Q5;7760;Seq Scan;7;Outer;;223;10000;0;0;1.0;0.0;323.0;8;10000.0;0;Q5;7759;Hash;6;Inner;;0;10000;10000;0;1.0;323.0;323.0;8;0.0;0;0.083;3.115;0.0;0.0;Q5;7758;Index Scan;7;Inner;;112600;5;0;0;8.331646174982899e-07;0.43;1.15;20;6001215.0;0;Q5
Q5_13_seed_98448372;7766;Hash Join;5;Outer;;0;2362;59037;10000;4.0008808035638665e-06;5216.52;56827.82;116;0.0;0;36.949;1039.4;30.266;1025.559;5.762;5.762;Q5;7767;Nested Loop;6;Outer;;0;59037;14756;5;0.8001761995120629;4743.52;56044.88;128;0.0;0;29.429;206.675;0.067;0.071;Q5;7771;Hash Join;9;Outer;;0;12500;62500;5;0.04;2.46;4586.84;116;0.0;0;0.131;26.614;0.063;0.064;Q5;7780;Seq Scan;7;Outer;;223;10000;0;0;1.0;0.0;323.0;8;10000.0;0;Q5;7779;Hash;6;Inner;;0;10000;10000;0;1.0;323.0;323.0;8;0.0;0;0.109;5.168;0.0;0.0;Q5;7778;Index Scan;7;Inner;;112600;5;0;0;8.331646174982899e-07;0.43;1.14;20;6001215.0;0;Q5
Q5_140_seed_1140360309;7786;Hash Join;5;Outer;;0;2350;58750;10000;4e-06;5216.52;56784.67;116;0.0;0;36.598;1067.934;33.279;1057.391;2.454;2.454;Q5;7787;Nested Loop;6;Outer;;0;58750;14685;5;0.8001361933946204;4743.52;56003.24;128;0.0;0;33.064;212.15;0.071;0.074;Q5;7791;Hash Join;9;Outer;;0;12500;62500;5;0.04;2.46;4586.84;116;0.0;0;0.092;30.49;0.064;0.065;Q5;7800;Seq Scan;7;Outer;;223;10000;0;0;1.0;0.0;323.0;8;10000.0;0;Q5;7799;Hash;6;Inner;;0;10000;10000;0;1.0;323.0;323.0;8;0.0;0;0.084;1.942;0.0;0.0;Q5;7798;Index Scan;7;Inner;;112600;5;0;0;8.331646174982899e-07;0.43;1.14;20;6001215.0;0;Q5
Q5_143_seed_1164972402;7846;Hash Join;5;Outer;;0;2338;58459;10000;3.999384183786928e-06;5216.52;56739.8;116;0.0;0;44.984;1038.666;38.089;1026.469;4.182;4.182;Q5;7847;Nested Loop;6;Outer;;0;58459;14612;5;0.8001505611825896;4743.52;55959.89;128;0.0;0;37.928;215.281;0.067;0.071;Q5;7851;Hash Join;9;Outer;;0;12500;62500;5;0.04;2.46;4586.84;116;0.0;0;0.126;34.46;0.077;0.078;Q5;7860;Seq Scan;7;Outer;;223;10000;0;0;1.0;0.0;323.0;8;10000.0;0;Q5;7859;Hash;6;Inner;;0;10000;10000;0;1.0;323.0;323.0;8;0.0;0;0.083;3.637;0.0;0.0;Q5;7858;Index Scan;7;Inner;;112600;5;0;0;8.331646174982899e-07;0.43;1.15;20;6001215.0;0;Q5
Q5_144_seed_1173176433;7866;Hash Join;5;Outer;;0;2350;58750;10000;4e-06;5216.52;56784.67;116;0.0;0;41.554;1076.766;36.806;1064.207;3.677;3.678;Q5;7867;Nested Loop;6;Outer;;0;58750;14685;5;0.8001361933946204;4743.52;56003.24;128;0.0;0;36.626;215.05;0.071;0.075;Q5;7871;Hash Join;9;Outer;;0;12500;62500;5;0.04;2.46;4586.84;116;0.0;0;0.381;32.956;0.104;0.105;Q5;7880;Seq Scan;7;Outer;;223;10000;0;0;1.0;0.0;323.0;8;10000.0;0;Q5;7879;Hash;6;Inner;;0;10000;10000;0;1.0;323.0;323.0;8;0.0;0;0.084;3.168;0.0;0.0;Q5;7878;Index Scan;7;Inner;;112600;5;0;0;8.331646174982899e-07;0.43;1.14;20;6001215.0;0;Q5
Q5_145_seed_1181380464;7886;Hash Join;5;Outer;;0;2338;58459;10000;3.999384183786928e-06;5216.52;56739.8;116;0.0;0;42.77;1074.316;37.76;1062.503;3.466;3.467;Q5;7887;Nested Loop;6;Outer;;0;58459;14612;5;0.8001505611825896;4743.52;55959.89;128;0.0;0;37.519;216.495;0.069;0.074;Q5;7891;Hash Join;9;Outer;;0;12500;62500;5;0.04;2.46;4586.84;116;0.0;0;0.482;34.89;0.107;0.109;Q5;7900;Seq Scan;7;Outer;;223;10000;0;0;1.0;0.0;323.0;8;10000.0;0;Q5;7899;Hash;6;Inner;;0;10000;10000;0;1.0;323.0;323.0;8;0.0;0;0.151;2.758;0.0;0.0;Q5;7898;Index Scan;7;Inner;;112600;5;0;0;8.331646174982899e-07;0.43;1.15;20;6001215.0;0;Q5
Q5_147_seed_1197788526;7926;Hash Join;5;Outer;;0;2338;58459;10000;3.999384183786928e-06;5216.52;56739.8;116;0.0;0;41.853;1074.873;35.019;1061.227;5.567;5.567;Q5;7927;Nested Loop;6;Outer;;0;58459;14612;5;0.8001505611825896;4743.52;55959.89;128;0.0;0;34.083;215.217;0.07;0.074;Q5;7931;Hash Join;9;Outer;;0;12500;62500;5;0.04;2.46;4586.84;116;0.0;0;0.011;31.517;0.065;0.066;Q5;7940;Seq Scan;7;Outer;;223;10000;0;0;1.0;0.0;323.0;8;10000.0;0;Q5;7939;Hash;6;Inner;;0;10000;10000;0;1.0;323.0;323.0;8;0.0;0;0.076;5.041;0.0;0.0;Q5;7938;Index Scan;7;Inner;;112600;5;0;0;8.331646174982899e-07;0.43;1.15;20;6001215.0;0;Q5
Q5_148_seed_1205992557;7946;Hash Join;5;Outer;;0;2350;58750;10000;4e-06;5216.52;56784.67;116;0.0;0;37.812;1029.653;32.134;1017.943;3.825;3.825;Q5;7947;Nested Loop;6;Outer;;0;58750;14685;5;0.8001361933946204;4743.52;56003.24;128;0.0;0;31.917;208.52;0.068;0.072;Q5;7951;Hash Join;9;Outer;;0;12500;62500;5;0.04;2.46;4586.84;116;0.0;0;0.545;28.335;0.093;0.094;Q5;7960;Seq Scan;7;Outer;;223;10000;0;0;1.0;0.0;323.0;8;10000.0;0;Q5;7959;Hash;6;Inner;;0;10000;10000;0;1.0;323.0;323.0;8;0.0;0;0.105;2.894;0.0;0.0;Q5;7958;Index Scan;7;Inner;;112600;5;0;0;8.331646174982899e-07;0.43;1.14;20;6001215.0;0;Q5
Q5_149_seed_1214196588;7966;Hash Join;5;Outer;;0;2338;58459;10000;3.999384183786928e-06;5216.52;56739.8;116;0.0;0;45.786;1073.718;40.873;1062.245;3.315;3.315;Q5;7967;Nested Loop;6;Outer;;0;58459;14612;5;0.8001505611825896;4743.52;55959.89;128;0.0;0;40.626;220.24;0.07;0.074;Q5;7971;Hash Join;9;Outer;;0;12500;62500;5;0.04;2.46;4586.84;116;0.0;0;0.013;37.491;0.558;0.559;Q5;7980;Seq Scan;7;Outer;;223;10000;0;0;1.0;0.0;323.0;8;10000.0;0;Q5;7979;Hash;6;Inner;;0;10000;10000;0;1.0;323.0;323.0;8;0.0;0;0.08;2.764;0.0;0.0;Q5;7978;Index Scan;7;Inner;;112600;5;0;0;8.331646174982899e-07;0.43;1.15;20;6001215.0;0;Q5
Q5_17_seed_131264496;8066;Hash Join;5;Outer;;0;2362;59037;10000;4.0008808035638665e-06;5216.52;56827.82;116;0.0;0;44.222;1065.119;39.197;1053.413;3.685;3.685;Q5;8067;Nested Loop;6;Outer;;0;59037;14756;5;0.8001761995120629;4743.52;56044.88;128;0.0;0;38.258;219.783;0.068;0.073;Q5;8071;Hash Join;9;Outer;;0;12500;62500;5;0.04;2.46;4586.84;116;0.0;0;0.151;35.052;0.074;0.075;Q5;8080;Seq Scan;7;Outer;;223;10000;0;0;1.0;0.0;323.0;8;10000.0;0;Q5;8079;Hash;6;Inner;;0;10000;10000;0;1.0;323.0;323.0;8;0.0;0;0.14;3.11;0.0;0.0;Q5;8078;Index Scan;7;Inner;;112600;5;0;0;8.331646174982899e-07;0.43;1.14;20;6001215.0;0;Q5
Q5_19_seed_147672558;8106;Hash Join;5;Outer;;0;2362;59037;10000;4.0008808035638665e-06;5216.52;56827.82;116;0.0;0;41.822;1046.247;37.117;1034.283;3.055;3.055;Q5;8107;Nested Loop;6;Outer;;0;59037;14756;5;0.8001761995120629;4743.52;56044.88;128;0.0;0;36.83;217.173;0.068;0.072;Q5;8111;Hash Join;9;Outer;;0;12500;62500;5;0.04;2.46;4586.84;116;0.0;0;0.616;33.451;0.061;0.062;Q5;8120;Seq Scan;7;Outer;;223;10000;0;0;1.0;0.0;323.0;8;10000.0;0;Q5;8119;Hash;6;Inner;;0;10000;10000;0;1.0;323.0;323.0;8;0.0;0;0.069;2.539;0.0;0.0;Q5;8118;Index Scan;7;Inner;;112600;5;0;0;8.331646174982899e-07;0.43;1.14;20;6001215.0;0;Q5
Q5_1_seed_0101000000;8126;Hash Join;5;Outer;;0;2344;58597;10000;4.000204788641057e-06;5216.52;56760.42;116;0.0;0;44.621;1076.128;37.134;1062.21;5.896;5.896;Q5;8127;Nested Loop;6;Outer;;0;58597;14646;5;0.8001775228731394;4743.52;55979.78;128;0.0;0;36.913;217.288;0.07;0.075;Q5;8131;Hash Join;9;Outer;;0;12500;62500;5;0.04;2.46;4586.84;116;0.0;0;0.01;34.428;0.073;0.074;Q5;8140;Seq Scan;7;Outer;;223;10000;0;0;1.0;0.0;323.0;8;10000.0;0;Q5;8139;Hash;6;Inner;;0;10000;10000;0;1.0;323.0;323.0;8;0.0;0;0.09;5.367;0.0;0.0;Q5;8138;Index Scan;7;Inner;;112600;5;0;0;8.331646174982899e-07;0.43;1.15;20;6001215.0;0;Q5
Q5_20_seed_155876589;8146;Hash Join;5;Outer;;0;2344;58597;10000;4.000204788641057e-06;5216.52;56760.42;116;0.0;0;41.27;1062.966;36.494;1051.64;3.309;3.309;Q5;8147;Nested Loop;6;Outer;;0;58597;14646;5;0.8001775228731394;4743.52;55979.78;128;0.0;0;36.376;219.59;0.069;0.073;Q5;8151;Hash Join;9;Outer;;0;12500;62500;5;0.04;2.46;4586.84;116;0.0;0;0.706;32.882;0.08;0.081;Q5;8160;Seq Scan;7;Outer;;223;10000;0;0;1.0;0.0;323.0;8;10000.0;0;Q5;8159;Hash;6;Inner;;0;10000;10000;0;1.0;323.0;323.0;8;0.0;0;0.073;2.826;0.0;0.0;Q5;8158;Index Scan;7;Inner;;112600;5;0;0;8.331646174982899e-07;0.43;1.15;20;6001215.0;0;Q5
Q5_21_seed_164080620;8166;Hash Join;5;Outer;;0;2382;59546;10000;4.000268699828704e-06;5216.52;56906.9;116;0.0;0;42.334;1043.671;36.941;1030.011;4.923;4.923;Q5;8167;Nested Loop;6;Outer;;0;59546;14884;5;0.800134372480516;4743.52;56121.28;128;0.0;0;36.745;216.275;0.068;0.071;Q5;8171;Hash Join;9;Outer;;0;12500;62500;5;0.04;2.46;4586.84;116;0.0;0;0.011;33.746;0.123;0.124;Q5;8180;Seq Scan;7;Outer;;223;10000;0;0;1.0;0.0;323.0;8;10000.0;0;Q5;8179;Hash;6;Inner;;0;10000;10000;0;1.0;323.0;323.0;8;0.0;0;0.086;3.647;0.0;0.0;Q5;8178;Index Scan;7;Inner;;112600;5;0;0;8.331646174982899e-07;0.43;1.14;20;6001215.0;0;Q5
Q5_23_seed_180488682;8206;Hash Join;5;Outer;;0;2382;59546;10000;4.000268699828704e-06;5216.52;56906.9;116;0.0;0;36.46;1074.848;32.814;1063.413;3.384;3.384;Q5;8207;Nested Loop;6;Outer;;0;59546;14884;5;0.800134372480516;4743.52;56121.28;128;0.0;0;32.503;208.152;0.071;0.075;Q5;8211;Hash Join;9;Outer;;0;12500;62500;5;0.04;2.46;4586.84;116;0.0;0;0.47;29.503;0.294;0.296;Q5;8220;Seq Scan;7;Outer;;223;10000;0;0;1.0;0.0;323.0;8;10000.0;0;Q5;8219;Hash;6;Inner;;0;10000;10000;0;1.0;323.0;323.0;8;0.0;0;0.091;2.845;0.0;0.0;Q5;8218;Index Scan;7;Inner;;112600;5;0;0;8.331646174982899e-07;0.43;1.14;20;6001215.0;0;Q5
Q5_24_seed_188692713;8226;Hash Join;5;Outer;;0;2344;58597;10000;4.000204788641057e-06;5216.52;56760.42;116;0.0;0;43.126;1073.233;38.505;1061.987;2.951;2.951;Q5;8227;Nested Loop;6;Outer;;0;58597;14646;5;0.8001775228731394;4743.52;55979.78;128;0.0;0;38.284;220.862;0.07;0.074;Q5;8231;Hash Join;9;Outer;;0;12500;62500;5;0.04;2.46;4586.84;116;0.0;0;0.55;35.34;0.074;0.075;Q5;8240;Seq Scan;7;Outer;;223;10000;0;0;1.0;0.0;323.0;8;10000.0;0;Q5;8239;Hash;6;Inner;;0;10000;10000;0;1.0;323.0;323.0;8;0.0;0;0.086;2.44;0.0;0.0;Q5;8238;Index Scan;7;Inner;;112600;5;0;0;8.331646174982899e-07;0.43;1.15;20;6001215.0;0;Q5
Q5_25_seed_196896744;8246;Hash Join;5;Outer;;0;2382;59546;10000;4.000268699828704e-06;5216.52;56906.9;116;0.0;0;40.26;1066.572;34.768;1053.377;5.176;5.176;Q5;8247;Nested Loop;6;Outer;;0;59546;14884;5;0.800134372480516;4743.52;56121.28;128;0.0;0;34.589;213.496;0.07;0.074;Q5;8251;Hash Join;9;Outer;;0;12500;62500;5;0.04;2.46;4586.84;116;0.0;0;0.013;31.55;0.076;0.077;Q5;8260;Seq Scan;7;Outer;;223;10000;0;0;1.0;0.0;323.0;8;10000.0;0;Q5;8259;Hash;6;Inner;;0;10000;10000;0;1.0;323.0;323.0;8;0.0;0;0.081;4.684;0.0;0.0;Q5;8258;Index Scan;7;Inner;;112600;5;0;0;8.331646174982899e-07;0.43;1.14;20;6001215.0;0;Q5
Q5_29_seed_229712868;8326;Hash Join;5;Outer;;0;2382;59546;10000;4.000268699828704e-06;5216.52;56906.9;116;0.0;0;45.55;1069.303;39.826;1056.85;3.98;3.98;Q5;8327;Nested Loop;6;Outer;;0;59546;14884;5;0.800134372480516;4743.52;56121.28;128;0.0;0;39.6;219.647;0.068;0.072;Q5;8331;Hash Join;9;Outer;;0;12500;62500;5;0.04;2.46;4586.84;116;0.0;0;0.248;35.429;0.217;0.219;Q5;8340;Seq Scan;7;Outer;;223;10000;0;0;1.0;0.0;323.0;8;10000.0;0;Q5;8339;Hash;6;Inner;;0;10000;10000;0;1.0;323.0;323.0;8;0.0;0;0.076;3.444;0.0;0.0;Q5;8338;Index Scan;7;Inner;;112600;5;0;0;8.331646174982899e-07;0.43;1.14;20;6001215.0;0;Q5
Q5_2_seed_8204031;8346;Hash Join;5;Outer;;0;2338;58459;10000;3.999384183786928e-06;5216.52;56739.8;116;0.0;0;42.714;1074.491;38.708;1064.04;2.421;2.421;Q5;8347;Nested Loop;6;Outer;;0;58459;14612;5;0.8001505611825896;4743.52;55959.89;128;0.0;0;38.48;219.099;0.07;0.074;Q5;8351;Hash Join;9;Outer;;0;12500;62500;5;0.04;2.46;4586.84;116;0.0;0;0.189;35.617;0.186;0.187;Q5;8360;Seq Scan;7;Outer;;223;10000;0;0;1.0;0.0;323.0;8;10000.0;0;Q5;8359;Hash;6;Inner;;0;10000;10000;0;1.0;323.0;323.0;8;0.0;0;0.094;1.912;0.0;0.0;Q5;8358;Index Scan;7;Inner;;112600;5;0;0;8.331646174982899e-07;0.43;1.15;20;6001215.0;0;Q5
Q5_31_seed_246120930;8386;Hash Join;5;Outer;;0;2382;59546;10000;4.000268699828704e-06;5216.52;56906.9;116;0.0;0;42.688;1066.897;36.004;1054.603;4.26;4.26;Q5;8387;Nested Loop;6;Outer;;0;59546;14884;5;0.800134372480516;4743.52;56121.28;128;0.0;0;35.859;216.831;0.069;0.073;Q5;8391;Hash Join;9;Outer;;0;12500;62500;5;0.04;2.46;4586.84;116;0.0;0;0.013;32.497;0.081;0.082;Q5;8400;Seq Scan;7;Outer;;223;10000;0;0;1.0;0.0;323.0;8;10000.0;0;Q5;8399;Hash;6;Inner;;0;10000;10000;0;1.0;323.0;323.0;8;0.0;0;0.085;3.724;0.0;0.0;Q5;8398;Index Scan;7;Inner;;112600;5;0;0;8.331646174982899e-07;0.43;1.14;20;6001215.0;0;Q5
Q5_32_seed_254324961;8406;Hash Join;5;Outer;;0;2350;58750;10000;4e-06;5216.52;56784.67;116;0.0;0;45.911;1072.694;40.318;1060.209;4.447;4.447;Q5;8407;Nested Loop;6;Outer;;0;58750;14685;5;0.8001361933946204;4743.52;56003.24;128;0.0;0;40.156;223.668;0.07;0.073;Q5;8411;Hash Join;9;Outer;;0;12500;62500;5;0.04;2.46;4586.84;116;0.0;0;0.011;34.691;0.071;0.071;Q5;8420;Seq Scan;7;Outer;;223;10000;0;0;1.0;0.0;323.0;8;10000.0;0;Q5;8419;Hash;6;Inner;;0;10000;10000;0;1.0;323.0;323.0;8;0.0;0;0.083;3.935;0.0;0.0;Q5;8418;Index Scan;7;Inner;;112600;5;0;0;8.331646174982899e-07;0.43;1.14;20;6001215.0;0;Q5
Q5_34_seed_270733023;8446;Hash Join;5;Outer;;0;2350;58750;10000;4e-06;5216.52;56784.67;116;0.0;0;40.243;1053.704;36.835;1042.574;3.03;3.03;Q5;8447;Nested Loop;6;Outer;;0;58750;14685;5;0.8001361933946204;4743.52;56003.24;128;0.0;0;36.681;217.514;0.068;0.072;Q5;8451;Hash Join;9;Outer;;0;12500;62500;5;0.04;2.46;4586.84;116;0.0;0;0.793;32.332;0.153;0.154;Q5;8460;Seq Scan;7;Outer;;223;10000;0;0;1.0;0.0;323.0;8;10000.0;0;Q5;8459;Hash;6;Inner;;0;10000;10000;0;1.0;323.0;323.0;8;0.0;0;0.086;2.474;0.0;0.0;Q5;8458;Index Scan;7;Inner;;112600;5;0;0;8.331646174982899e-07;0.43;1.14;20;6001215.0;0;Q5
Q5_36_seed_287141085;8486;Hash Join;5;Outer;;0;2350;58750;10000;4e-06;5216.52;56784.67;116;0.0;0;44.334;1078.345;39.534;1065.906;4.25;4.251;Q5;8487;Nested Loop;6;Outer;;0;58750;14685;5;0.8001361933946204;4743.52;56003.24;128;0.0;0;38.894;220.237;0.07;0.074;Q5;8491;Hash Join;9;Outer;;0;12500;62500;5;0.04;2.46;4586.84;116;0.0;0;0.058;34.3;0.986;0.987;Q5;8500;Seq Scan;7;Outer;;223;10000;0;0;1.0;0.0;323.0;8;10000.0;0;Q5;8499;Hash;6;Inner;;0;10000;10000;0;1.0;323.0;323.0;8;0.0;0;0.086;3.45;0.0;0.0;Q5;8498;Index Scan;7;Inner;;112600;5;0;0;8.331646174982899e-07;0.43;1.14;20;6001215.0;0;Q5
Q5_38_seed_303549147;8526;Hash Join;5;Outer;;0;2350;58750;10000;4e-06;5216.52;56784.67;116;0.0;0;41.707;1054.801;38.149;1043.511;2.88;2.88;Q5;8527;Nested Loop;6;Outer;;0;58750;14685;5;0.8001361933946204;4743.52;56003.24;128;0.0;0;37.993;218.977;0.069;0.073;Q5;8531;Hash Join;9;Outer;;0;12500;62500;5;0.04;2.46;4586.84;116;0.0;0;0.355;33.841;0.177;0.177;Q5;8540;Seq Scan;7;Outer;;223;10000;0;0;1.0;0.0;323.0;8;10000.0;0;Q5;8539;Hash;6;Inner;;0;10000;10000;0;1.0;323.0;323.0;8;0.0;0;0.087;2.237;0.0;0.0;Q5;8538;Index Scan;7;Inner;;112600;5;0;0;8.331646174982899e-07;0.43;1.14;20;6001215.0;0;Q5
Q5_41_seed_328161240;8606;Hash Join;5;Outer;;0;2338;58459;10000;3.999384183786928e-06;5216.52;56739.8;116;0.0;0;45.513;1057.423;39.535;1045.668;3.609;3.609;Q5;8607;Nested Loop;6;Outer;;0;58459;14612;5;0.8001505611825896;4743.52;55959.89;128;0.0;0;39.185;218.857;0.068;0.072;Q5;8611;Hash Join;9;Outer;;0;12500;62500;5;0.04;2.46;4586.84;116;0.0;0;0.186;35.78;0.085;0.086;Q5;8620;Seq Scan;7;Outer;;223;10000;0;0;1.0;0.0;323.0;8;10000.0;0;Q5;8619;Hash;6;Inner;;0;10000;10000;0;1.0;323.0;323.0;8;0.0;0;0.096;3.095;0.0;0.0;Q5;8618;Index Scan;7;Inner;;112600;5;0;0;8.331646174982899e-07;0.43;1.15;20;6001215.0;0;Q5
Q5_42_seed_336365271;8626;Hash Join;5;Outer;;0;2350;58750;10000;4e-06;5216.52;56784.67;116;0.0;0;42.275;1057.335;36.46;1044.828;4.395;4.395;Q5;8627;Nested Loop;6;Outer;;0;58750;14685;5;0.8001361933946204;4743.52;56003.24;128;0.0;0;36.223;214.271;0.069;0.073;Q5;8631;Hash Join;9;Outer;;0;12500;62500;5;0.04;2.46;4586.84;116;0.0;0;0.732;33.562;0.078;0.078;Q5;8640;Seq Scan;7;Outer;;223;10000;0;0;1.0;0.0;323.0;8;10000.0;0;Q5;8639;Hash;6;Inner;;0;10000;10000;0;1.0;323.0;323.0;8;0.0;0;0.084;3.816;0.0;0.0;Q5;8638;Index Scan;7;Inner;;112600;5;0;0;8.331646174982899e-07;0.43;1.14;20;6001215.0;0;Q5
Q5_43_seed_344569302;8646;Hash Join;5;Outer;;0;2338;58459;10000;3.999384183786928e-06;5216.52;56739.8;116;0.0;0;41.437;1082.965;36.986;1071.483;3.388;3.388;Q5;8647;Nested Loop;6;Outer;;0;58459;14612;5;0.8001505611825896;4743.52;55959.89;128;0.0;0;36.758;219.756;0.071;0.075;Q5;8651;Hash Join;9;Outer;;0;12500;62500;5;0.04;2.46;4586.84;116;0.0;0;0.15;34.1;0.132;0.132;Q5;8660;Seq Scan;7;Outer;;223;10000;0;0;1.0;0.0;323.0;8;10000.0;0;Q5;8659;Hash;6;Inner;;0;10000;10000;0;1.0;323.0;323.0;8;0.0;0;0.083;2.892;0.0;0.0;Q5;8658;Index Scan;7;Inner;;112600;5;0;0;8.331646174982899e-07;0.43;1.15;20;6001215.0;0;Q5
Q5_44_seed_352773333;8666;Hash Join;5;Outer;;0;2350;58750;10000;4e-06;5216.52;56784.67;116;0.0;0;49.753;1071.111;43.06;1059.85;3.127;3.127;Q5;8667;Nested Loop;6;Outer;;0;58750;14685;5;0.8001361933946204;4743.52;56003.24;128;0.0;0;42.89;224.077;0.07;0.074;Q5;8671;Hash Join;9;Outer;;0;12500;62500;5;0.04;2.46;4586.84;116;0.0;0;0.831;38.065;0.493;0.494;Q5;8680;Seq Scan;7;Outer;;223;10000;0;0;1.0;0.0;323.0;8;10000.0;0;Q5;8679;Hash;6;Inner;;0;10000;10000;0;1.0;323.0;323.0;8;0.0;0;0.085;2.66;0.0;0.0;Q5;8678;Index Scan;7;Inner;;112600;5;0;0;8.331646174982899e-07;0.43;1.14;20;6001215.0;0;Q5
Q5_46_seed_369181395;8706;Hash Join;5;Outer;;0;2350;58750;10000;4e-06;5216.52;56784.67;116;0.0;0;43.543;1062.38;37.781;1050.268;3.959;3.959;Q5;8707;Nested Loop;6;Outer;;0;58750;14685;5;0.8001361933946204;4743.52;56003.24;128;0.0;0;37.521;219.993;0.07;0.074;Q5;8711;Hash Join;9;Outer;;0;12500;62500;5;0.04;2.46;4586.84;116;0.0;0;0.114;34.475;0.074;0.075;Q5;8720;Seq Scan;7;Outer;;223;10000;0;0;1.0;0.0;323.0;8;10000.0;0;Q5;8719;Hash;6;Inner;;0;10000;10000;0;1.0;323.0;323.0;8;0.0;0;0.084;3.412;0.0;0.0;Q5;8718;Index Scan;7;Inner;;112600;5;0;0;8.331646174982899e-07;0.43;1.14;20;6001215.0;0;Q5
Q5_47_seed_377385426;8726;Hash Join;5;Outer;;0;2338;58459;10000;3.999384183786928e-06;5216.52;56739.8;116;0.0;0;40.134;1053.262;34.927;1041.39;3.955;3.955;Q5;8727;Nested Loop;6;Outer;;0;58459;14612;5;0.8001505611825896;4743.52;55959.89;128;0.0;0;34.36;210.923;0.069;0.073;Q5;8731;Hash Join;9;Outer;;0;12500;62500;5;0.04;2.46;4586.84;116;0.0;0;0.049;30.985;0.183;0.183;Q5;8740;Seq Scan;7;Outer;;223;10000;0;0;1.0;0.0;323.0;8;10000.0;0;Q5;8739;Hash;6;Inner;;0;10000;10000;0;1.0;323.0;323.0;8;0.0;0;0.089;3.431;0.0;0.0;Q5;8738;Index Scan;7;Inner;;112600;5;0;0;8.331646174982899e-07;0.43;1.15;20;6001215.0;0;Q5
Q5_49_seed_393793488;8766;Hash Join;5;Outer;;0;2338;58459;10000;3.999384183786928e-06;5216.52;56739.8;116;0.0;0;41.978;1053.295;36.612;1041.108;3.71;3.71;Q5;8767;Nested Loop;6;Outer;;0;58459;14612;5;0.8001505611825896;4743.52;55959.89;128;0.0;0;36.216;218.072;0.067;0.071;Q5;8771;Hash Join;9;Outer;;0;12500;62500;5;0.04;2.46;4586.84;116;0.0;0;0.219;32.505;0.068;0.069;Q5;8780;Seq Scan;7;Outer;;223;10000;0;0;1.0;0.0;323.0;8;10000.0;0;Q5;8779;Hash;6;Inner;;0;10000;10000;0;1.0;323.0;323.0;8;0.0;0;0.073;3.142;0.0;0.0;Q5;8778;Index Scan;7;Inner;;112600;5;0;0;8.331646174982899e-07;0.43;1.15;20;6001215.0;0;Q5
Q5_4_seed_24612093;8786;Hash Join;5;Outer;;0;2338;58459;10000;3.999384183786928e-06;5216.52;56739.8;116;0.0;0;41.622;1064.775;32.202;1048.815;7.893;7.893;Q5;8787;Nested Loop;6;Outer;;0;58459;14612;5;0.8001505611825896;4743.52;55959.89;128;0.0;0;31.944;211.08;0.07;0.074;Q5;8791;Hash Join;9;Outer;;0;12500;62500;5;0.04;2.46;4586.84;116;0.0;0;0.011;29.252;0.073;0.074;Q5;8800;Seq Scan;7;Outer;;223;10000;0;0;1.0;0.0;323.0;8;10000.0;0;Q5;8799;Hash;6;Inner;;0;10000;10000;0;1.0;323.0;323.0;8;0.0;0;0.101;7.387;0.0;0.0;Q5;8798;Index Scan;7;Inner;;112600;5;0;0;8.331646174982899e-07;0.43;1.15;20;6001215.0;0;Q5
Q5_50_seed_401997519;8806;Hash Join;5;Outer;;0;2350;58750;10000;4e-06;5216.52;56784.67;116;0.0;0;36.87;1065.063;33.228;1054.856;2.039;2.039;Q5;8807;Nested Loop;6;Outer;;0;58750;14685;5;0.8001361933946204;4743.52;56003.24;128;0.0;0;32.998;215.604;0.069;0.073;Q5;8811;Hash Join;9;Outer;;0;12500;62500;5;0.04;2.46;4586.84;116;0.0;0;0.496;30.007;0.108;0.109;Q5;8820;Seq Scan;7;Outer;;223;10000;0;0;1.0;0.0;323.0;8;10000.0;0;Q5;8819;Hash;6;Inner;;0;10000;10000;0;1.0;323.0;323.0;8;0.0;0;0.083;1.538;0.0;0.0;Q5;8818;Index Scan;7;Inner;;112600;5;0;0;8.331646174982899e-07;0.43;1.14;20;6001215.0;0;Q5
Q5_51_seed_410201550;8826;Hash Join;5;Outer;;0;2338;58459;10000;3.999384183786928e-06;5216.52;56739.8;116;0.0;0;38.959;1048.837;33.669;1036.948;3.818;3.818;Q5;8827;Nested Loop;6;Outer;;0;58459;14612;5;0.8001505611825896;4743.52;55959.89;128;0.0;0;32.542;209.797;0.068;0.071;Q5;8831;Hash Join;9;Outer;;0;12500;62500;5;0.04;2.46;4586.84;116;0.0;0;0.408;29.483;0.074;0.075;Q5;8840;Seq Scan;7;Outer;;223;10000;0;0;1.0;0.0;323.0;8;10000.0;0;Q5;8839;Hash;6;Inner;;0;10000;10000;0;1.0;323.0;323.0;8;0.0;0;0.074;3.285;0.0;0.0;Q5;8838;Index Scan;7;Inner;;112600;5;0;0;8.331646174982899e-07;0.43;1.15;20;6001215.0;0;Q5
Q5_52_seed_418405581;8846;Hash Join;5;Outer;;0;2362;59037;10000;4.0008808035638665e-06;5216.52;56827.82;116;0.0;0;42.454;1081.182;37.348;1068.465;4.562;4.562;Q5;8847;Nested Loop;6;Outer;;0;59037;14756;5;0.8001761995120629;4743.52;56044.88;128;0.0;0;36.302;218.712;0.07;0.074;Q5;8851;Hash Join;9;Outer;;0;12500;62500;5;0.04;2.46;4586.84;116;0.0;0;0.012;32.971;0.208;0.208;Q5;8860;Seq Scan;7;Outer;;223;10000;0;0;1.0;0.0;323.0;8;10000.0;0;Q5;8859;Hash;6;Inner;;0;10000;10000;0;1.0;323.0;323.0;8;0.0;0;0.093;3.971;0.0;0.0;Q5;8858;Index Scan;7;Inner;;112600;5;0;0;8.331646174982899e-07;0.43;1.14;20;6001215.0;0;Q5
Q5_53_seed_426609612;8866;Hash Join;5;Outer;;0;2338;58459;10000;3.999384183786928e-06;5216.52;56739.8;116;0.0;0;42.808;1067.873;37.574;1055.198;4.509;4.509;Q5;8867;Nested Loop;6;Outer;;0;58459;14612;5;0.8001505611825896;4743.52;55959.89;128;0.0;0;37.349;215.449;0.069;0.073;Q5;8871;Hash Join;9;Outer;;0;12500;62500;5;0.04;2.46;4586.84;116;0.0;0;0.315;34.695;0.072;0.073;Q5;8880;Seq Scan;7;Outer;;223;10000;0;0;1.0;0.0;323.0;8;10000.0;0;Q5;8879;Hash;6;Inner;;0;10000;10000;0;1.0;323.0;323.0;8;0.0;0;0.086;3.949;0.0;0.0;Q5;8878;Index Scan;7;Inner;;112600;5;0;0;8.331646174982899e-07;0.43;1.15;20;6001215.0;0;Q5
Q5_54_seed_434813643;8886;Hash Join;5;Outer;;0;2362;59037;10000;4.0008808035638665e-06;5216.52;56827.82;116;0.0;0;39.939;1048.897;35.397;1037.8;2.93;2.93;Q5;8887;Nested Loop;6;Outer;;0;59037;14756;5;0.8001761995120629;4743.52;56044.88;128;0.0;0;35.146;214.622;0.067;0.071;Q5;8891;Hash Join;9;Outer;;0;12500;62500;5;0.04;2.46;4586.84;116;0.0;0;0.767;32.632;0.098;0.099;Q5;8900;Seq Scan;7;Outer;;223;10000;0;0;1.0;0.0;323.0;8;10000.0;0;Q5;8899;Hash;6;Inner;;0;10000;10000;0;1.0;323.0;323.0;8;0.0;0;0.09;2.413;0.0;0.0;Q5;8898;Index Scan;7;Inner;;112600;5;0;0;8.331646174982899e-07;0.43;1.14;20;6001215.0;0;Q5
Q5_55_seed_443017674;8906;Hash Join;5;Outer;;0;2338;58459;10000;3.999384183786928e-06;5216.52;56739.8;116;0.0;0;41.242;1075.235;35.054;1061.602;5.483;5.483;Q5;8907;Nested Loop;6;Outer;;0;58459;14612;5;0.8001505611825896;4743.52;55959.89;128;0.0;0;34.844;214.336;0.07;0.074;Q5;8911;Hash Join;9;Outer;;0;12500;62500;5;0.04;2.46;4586.84;116;0.0;0;0.01;32.495;0.078;0.079;Q5;8920;Seq Scan;7;Outer;;223;10000;0;0;1.0;0.0;323.0;8;10000.0;0;Q5;8919;Hash;6;Inner;;0;10000;10000;0;1.0;323.0;323.0;8;0.0;0;0.086;4.97;0.0;0.0;Q5;8918;Index Scan;7;Inner;;112600;5;0;0;8.331646174982899e-07;0.43;1.15;20;6001215.0;0;Q5
Q5_56_seed_451221705;8926;Hash Join;5;Outer;;0;2362;59037;10000;4.0008808035638665e-06;5216.52;56827.82;116;0.0;0;50.217;1071.628;41.44;1057.74;5.559;5.559;Q5;8927;Nested Loop;6;Outer;;0;59037;14756;5;0.8001761995120629;4743.52;56044.88;128;0.0;0;41.281;222.356;0.069;0.073;Q5;8931;Hash Join;9;Outer;;0;12500;62500;5;0.04;2.46;4586.84;116;0.0;0;0.013;36.484;0.074;0.075;Q5;8940;Seq Scan;7;Outer;;223;10000;0;0;1.0;0.0;323.0;8;10000.0;0;Q5;8939;Hash;6;Inner;;0;10000;10000;0;1.0;323.0;323.0;8;0.0;0;0.09;5.037;0.0;0.0;Q5;8938;Index Scan;7;Inner;;112600;5;0;0;8.331646174982899e-07;0.43;1.14;20;6001215.0;0;Q5
Q5_57_seed_459425736;8946;Hash Join;5;Outer;;0;2338;58459;10000;3.999384183786928e-06;5216.52;56739.8;116;0.0;0;44.813;1082.933;38.389;1070.587;4.258;4.258;Q5;8947;Nested Loop;6;Outer;;0;58459;14612;5;0.8001505611825896;4743.52;55959.89;128;0.0;0;38.208;219.074;0.071;0.074;Q5;8951;Hash Join;9;Outer;;0;12500;62500;5;0.04;2.46;4586.84;116;0.0;0;0.011;35.371;0.159;0.16;Q5;8960;Seq Scan;7;Outer;;223;10000;0;0;1.0;0.0;323.0;8;10000.0;0;Q5;8959;Hash;6;Inner;;0;10000;10000;0;1.0;323.0;323.0;8;0.0;0;0.085;3.698;0.0;0.0;Q5;8958;Index Scan;7;Inner;;112600;5;0;0;8.331646174982899e-07;0.43;1.15;20;6001215.0;0;Q5
Q5_58_seed_467629767;8966;Hash Join;5;Outer;;0;2362;59037;10000;4.0008808035638665e-06;5216.52;56827.82;116;0.0;0;43.028;1075.643;38.628;1064.305;3.132;3.132;Q5;8967;Nested Loop;6;Outer;;0;59037;14756;5;0.8001761995120629;4743.52;56044.88;128;0.0;0;38.467;220.357;0.069;0.074;Q5;8971;Hash Join;9;Outer;;0;12500;62500;5;0.04;2.46;4586.84;116;0.0;0;0.557;33.767;0.084;0.084;Q5;8980;Seq Scan;7;Outer;;223;10000;0;0;1.0;0.0;323.0;8;10000.0;0;Q5;8979;Hash;6;Inner;;0;10000;10000;0;1.0;323.0;323.0;8;0.0;0;0.085;2.607;0.0;0.0;Q5;8978;Index Scan;7;Inner;;112600;5;0;0;8.331646174982899e-07;0.43;1.14;20;6001215.0;0;Q5
Q5_5_seed_32816124;9006;Hash Join;5;Outer;;0;2362;59037;10000;4.0008808035638665e-06;5216.52;56827.82;116;0.0;0;42.069;1091.868;38.035;1080.864;2.974;2.974;Q5;9007;Nested Loop;6;Outer;;0;59037;14756;5;0.8001761995120629;4743.52;56044.88;128;0.0;0;37.661;214.839;0.072;0.077;Q5;9011;Hash Join;9;Outer;;0;12500;62500;5;0.04;2.46;4586.84;116;0.0;0;0.425;34.57;0.075;0.076;Q5;9020;Seq Scan;7;Outer;;223;10000;0;0;1.0;0.0;323.0;8;10000.0;0;Q5;9019;Hash;6;Inner;;0;10000;10000;0;1.0;323.0;323.0;8;0.0;0;0.146;2.461;0.0;0.0;Q5;9018;Index Scan;7;Inner;;112600;5;0;0;8.331646174982899e-07;0.43;1.14;20;6001215.0;0;Q5
Q5_60_seed_484037829;9026;Hash Join;5;Outer;;0;2362;59037;10000;4.0008808035638665e-06;5216.52;56827.82;116;0.0;0;40.193;1057.475;36.61;1046.743;2.69;2.69;Q5;9027;Nested Loop;6;Outer;;0;59037;14756;5;0.8001761995120629;4743.52;56044.88;128;0.0;0;36.424;216.844;0.069;0.073;Q5;9031;Hash Join;9;Outer;;0;12500;62500;5;0.04;2.46;4586.84;116;0.0;0;0.367;32.697;0.127;0.128;Q5;9040;Seq Scan;7;Outer;;223;10000;0;0;1.0;0.0;323.0;8;10000.0;0;Q5;9039;Hash;6;Inner;;0;10000;10000;0;1.0;323.0;323.0;8;0.0;0;0.092;2.175;0.0;0.0;Q5;9038;Index Scan;7;Inner;;112600;5;0;0;8.331646174982899e-07;0.43;1.14;20;6001215.0;0;Q5
Q5_61_seed_492241860;9046;Hash Join;5;Outer;;0;2344;58597;10000;4.000204788641057e-06;5216.52;56760.42;116;0.0;0;39.465;1043.139;34.31;1030.347;4.64;4.64;Q5;9047;Nested Loop;6;Outer;;0;58597;14646;5;0.8001775228731394;4743.52;55979.78;128;0.0;0;34.123;219.785;0.068;0.072;Q5;9051;Hash Join;9;Outer;;0;12500;62500;5;0.04;2.46;4586.84;116;0.0;0;0.015;31.038;0.082;0.083;Q5;9060;Seq Scan;7;Outer;;223;10000;0;0;1.0;0.0;323.0;8;10000.0;0;Q5;9059;Hash;6;Inner;;0;10000;10000;0;1.0;323.0;323.0;8;0.0;0;0.086;4.114;0.0;0.0;Q5;9058;Index Scan;7;Inner;;112600;5;0;0;8.331646174982899e-07;0.43;1.15;20;6001215.0;0;Q5
Q5_66_seed_533262015;9146;Hash Join;5;Outer;;0;2362;59037;10000;4.0008808035638665e-06;5216.52;56827.82;116;0.0;0;35.766;1049.081;31.637;1037.939;3.088;3.088;Q5;9147;Nested Loop;6;Outer;;0;59037;14756;5;0.8001761995120629;4743.52;56044.88;128;0.0;0;31.384;212.723;0.069;0.073;Q5;9151;Hash Join;9;Outer;;0;12500;62500;5;0.04;2.46;4586.84;116;0.0;0;0.805;28.555;0.147;0.148;Q5;9160;Seq Scan;7;Outer;;223;10000;0;0;1.0;0.0;323.0;8;10000.0;0;Q5;9159;Hash;6;Inner;;0;10000;10000;0;1.0;323.0;323.0;8;0.0;0;0.086;2.588;0.0;0.0;Q5;9158;Index Scan;7;Inner;;112600;5;0;0;8.331646174982899e-07;0.43;1.14;20;6001215.0;0;Q5
Q5_68_seed_549670077;9186;Hash Join;5;Outer;;0;2362;59037;10000;4.0008808035638665e-06;5216.52;56827.82;116;0.0;0;45.564;1131.785;40.9;1120.016;3.65;3.65;Q5;9187;Nested Loop;6;Outer;;0;59037;14756;5;0.8001761995120629;4743.52;56044.88;128;0.0;0;40.641;224.491;0.075;0.079;Q5;9191;Hash Join;9;Outer;;0;12500;62500;5;0.04;2.46;4586.84;116;0.0;0;0.748;37.897;0.322;0.323;Q5;9200;Seq Scan;7;Outer;;223;10000;0;0;1.0;0.0;323.0;8;10000.0;0;Q5;9199;Hash;6;Inner;;0;10000;10000;0;1.0;323.0;323.0;8;0.0;0;0.092;3.112;0.0;0.0;Q5;9198;Index Scan;7;Inner;;112600;5;0;0;8.331646174982899e-07;0.43;1.14;20;6001215.0;0;Q5
Q5_69_seed_557874108;9206;Hash Join;5;Outer;;0;2344;58597;10000;4.000204788641057e-06;5216.52;56760.42;116;0.0;0;35.695;1044.729;32.425;1033.704;2.772;2.773;Q5;9207;Nested Loop;6;Outer;;0;58597;14646;5;0.8001775228731394;4743.52;55979.78;128;0.0;0;32.258;210.546;0.067;0.071;Q5;9211;Hash Join;9;Outer;;0;12500;62500;5;0.04;2.46;4586.84;116;0.0;0;0.011;29.182;0.072;0.073;Q5;9220;Seq Scan;7;Outer;;223;10000;0;0;1.0;0.0;323.0;8;10000.0;0;Q5;9219;Hash;6;Inner;;0;10000;10000;0;1.0;323.0;323.0;8;0.0;0;0.1;2.254;0.0;0.0;Q5;9218;Index Scan;7;Inner;;112600;5;0;0;8.331646174982899e-07;0.43;1.15;20;6001215.0;0;Q5
Q5_6_seed_41020155;9226;Hash Join;5;Outer;;0;2338;58459;10000;3.999384183786928e-06;5216.52;56739.8;116;0.0;0;41.864;1055.488;35.715;1042.561;4.544;4.544;Q5;9227;Nested Loop;6;Outer;;0;58459;14612;5;0.8001505611825896;4743.52;55959.89;128;0.0;0;35.491;217.948;0.067;0.071;Q5;9231;Hash Join;9;Outer;;0;12500;62500;5;0.04;2.46;4586.84;116;0.0;0;0.011;33.05;0.076;0.077;Q5;9240;Seq Scan;7;Outer;;223;10000;0;0;1.0;0.0;323.0;8;10000.0;0;Q5;9239;Hash;6;Inner;;0;10000;10000;0;1.0;323.0;323.0;8;0.0;0;0.141;3.989;0.0;0.0;Q5;9238;Index Scan;7;Inner;;112600;5;0;0;8.331646174982899e-07;0.43;1.15;20;6001215.0;0;Q5
Q5_70_seed_566078139;9246;Hash Join;5;Outer;;0;2382;59546;10000;4.000268699828704e-06;5216.52;56906.9;116;0.0;0;40.108;1074.428;34.908;1062.848;3.196;3.196;Q5;9247;Nested Loop;6;Outer;;0;59546;14884;5;0.800134372480516;4743.52;56121.28;128;0.0;0;34.252;215.852;0.068;0.073;Q5;9251;Hash Join;9;Outer;;0;12500;62500;5;0.04;2.46;4586.84;116;0.0;0;0.151;30.457;0.085;0.086;Q5;9260;Seq Scan;7;Outer;;223;10000;0;0;1.0;0.0;323.0;8;10000.0;0;Q5;9259;Hash;6;Inner;;0;10000;10000;0;1.0;323.0;323.0;8;0.0;0;0.078;2.708;0.0;0.0;Q5;9258;Index Scan;7;Inner;;112600;5;0;0;8.331646174982899e-07;0.43;1.14;20;6001215.0;0;Q5
Q5_72_seed_582486201;9286;Hash Join;5;Outer;;0;2382;59546;10000;4.000268699828704e-06;5216.52;56906.9;116;0.0;0;44.79;1087.108;39.126;1072.775;4.919;4.92;Q5;9287;Nested Loop;6;Outer;;0;59546;14884;5;0.800134372480516;4743.52;56121.28;128;0.0;0;38.818;217.86;0.07;0.073;Q5;9291;Hash Join;9;Outer;;0;12500;62500;5;0.04;2.46;4586.84;116;0.0;0;2.316;35.872;0.278;0.279;Q5;9300;Seq Scan;7;Outer;;223;10000;0;0;1.0;0.0;323.0;8;10000.0;0;Q5;9299;Hash;6;Inner;;0;10000;10000;0;1.0;323.0;323.0;8;0.0;0;0.085;4.384;0.0;0.0;Q5;9298;Index Scan;7;Inner;;112600;5;0;0;8.331646174982899e-07;0.43;1.14;20;6001215.0;0;Q5
Q5_73_seed_590690232;9306;Hash Join;5;Outer;;0;2344;58597;10000;4.000204788641057e-06;5216.52;56760.42;116;0.0;0;40.033;1070.869;35.08;1059.087;3.649;3.649;Q5;9307;Nested Loop;6;Outer;;0;58597;14646;5;0.8001775228731394;4743.52;55979.78;128;0.0;0;34.837;210.702;0.07;0.073;Q5;9311;Hash Join;9;Outer;;0;12500;62500;5;0.04;2.46;4586.84;116;0.0;0;0.262;32.264;0.27;0.27;Q5;9320;Seq Scan;7;Outer;;223;10000;0;0;1.0;0.0;323.0;8;10000.0;0;Q5;9319;Hash;6;Inner;;0;10000;10000;0;1.0;323.0;323.0;8;0.0;0;0.084;3.082;0.0;0.0;Q5;9318;Index Scan;7;Inner;;112600;5;0;0;8.331646174982899e-07;0.43;1.15;20;6001215.0;0;Q5
Q5_74_seed_598894263;9326;Hash Join;5;Outer;;0;2382;59546;10000;4.000268699828704e-06;5216.52;56906.9;116;0.0;0;41.784;1062.406;37.481;1051.33;2.915;2.915;Q5;9327;Nested Loop;6;Outer;;0;59546;14884;5;0.800134372480516;4743.52;56121.28;128;0.0;0;37.22;216.701;0.069;0.072;Q5;9331;Hash Join;9;Outer;;0;12500;62500;5;0.04;2.46;4586.84;116;0.0;0;0.108;34.275;0.185;0.186;Q5;9340;Seq Scan;7;Outer;;223;10000;0;0;1.0;0.0;323.0;8;10000.0;0;Q5;9339;Hash;6;Inner;;0;10000;10000;0;1.0;323.0;323.0;8;0.0;0;0.076;2.32;0.0;0.0;Q5;9338;Index Scan;7;Inner;;112600;5;0;0;8.331646174982899e-07;0.43;1.14;20;6001215.0;0;Q5
Q5_75_seed_607098294;9346;Hash Join;5;Outer;;0;2344;58597;10000;4.000204788641057e-06;5216.52;56760.42;116;0.0;0;40.646;1059.334;36.301;1047.473;3.686;3.686;Q5;9347;Nested Loop;6;Outer;;0;58597;14646;5;0.8001775228731394;4743.52;55979.78;128;0.0;0;35.679;217.699;0.068;0.072;Q5;9351;Hash Join;9;Outer;;0;12500;62500;5;0.04;2.46;4586.84;116;0.0;0;0.273;30.524;0.108;0.109;Q5;9360;Seq Scan;7;Outer;;223;10000;0;0;1.0;0.0;323.0;8;10000.0;0;Q5;9359;Hash;6;Inner;;0;10000;10000;0;1.0;323.0;323.0;8;0.0;0;0.088;3.187;0.0;0.0;Q5;9358;Index Scan;7;Inner;;112600;5;0;0;8.331646174982899e-07;0.43;1.15;20;6001215.0;0;Q5
Q5_76_seed_615302325;9366;Hash Join;5;Outer;;0;2382;59546;10000;4.000268699828704e-06;5216.52;56906.9;116;0.0;0;35.156;1052.433;31.619;1041.817;2.497;2.497;Q5;9367;Nested Loop;6;Outer;;0;59546;14884;5;0.800134372480516;4743.52;56121.28;128;0.0;0;31.448;213.331;0.068;0.072;Q5;9371;Hash Join;9;Outer;;0;12500;62500;5;0.04;2.46;4586.84;116;0.0;0;0.198;27.921;0.067;0.068;Q5;9380;Seq Scan;7;Outer;;223;10000;0;0;1.0;0.0;323.0;8;10000.0;0;Q5;9379;Hash;6;Inner;;0;10000;10000;0;1.0;323.0;323.0;8;0.0;0;0.086;1.988;0.0;0.0;Q5;9378;Index Scan;7;Inner;;112600;5;0;0;8.331646174982899e-07;0.43;1.14;20;6001215.0;0;Q5
Q5_77_seed_623506356;9386;Hash Join;5;Outer;;0;2344;58597;10000;4.000204788641057e-06;5216.52;56760.42;116;0.0;0;48.224;1092.646;42.519;1080.661;3.943;3.943;Q5;9387;Nested Loop;6;Outer;;0;58597;14646;5;0.8001775228731394;4743.52;55979.78;128;0.0;0;42.322;228.186;0.071;0.075;Q5;9391;Hash Join;9;Outer;;0;12500;62500;5;0.04;2.46;4586.84;116;0.0;0;0.013;38.659;0.087;0.088;Q5;9400;Seq Scan;7;Outer;;223;10000;0;0;1.0;0.0;323.0;8;10000.0;0;Q5;9399;Hash;6;Inner;;0;10000;10000;0;1.0;323.0;323.0;8;0.0;0;0.08;3.413;0.0;0.0;Q5;9398;Index Scan;7;Inner;;112600;5;0;0;8.331646174982899e-07;0.43;1.15;20;6001215.0;0;Q5
Q5_78_seed_631710387;9406;Hash Join;5;Outer;;0;2382;59546;10000;4.000268699828704e-06;5216.52;56906.9;116;0.0;0;41.097;1046.621;36.081;1035.635;3.06;3.06;Q5;9407;Nested Loop;6;Outer;;0;59546;14884;5;0.800134372480516;4743.52;56121.28;128;0.0;0;35.87;213.583;0.068;0.072;Q5;9411;Hash Join;9;Outer;;0;12500;62500;5;0.04;2.46;4586.84;116;0.0;0;0.193;32.47;0.118;0.119;Q5;9420;Seq Scan;7;Outer;;223;10000;0;0;1.0;0.0;323.0;8;10000.0;0;Q5;9419;Hash;6;Inner;;0;10000;10000;0;1.0;323.0;323.0;8;0.0;0;0.086;2.554;0.0;0.0;Q5;9418;Index Scan;7;Inner;;112600;5;0;0;8.331646174982899e-07;0.43;1.14;20;6001215.0;0;Q5
Q5_79_seed_639914418;9426;Hash Join;5;Outer;;0;2344;58597;10000;4.000204788641057e-06;5216.52;56760.42;116;0.0;0;44.017;1051.322;38.301;1039.145;4.01;4.01;Q5;9427;Nested Loop;6;Outer;;0;58597;14646;5;0.8001775228731394;4743.52;55979.78;128;0.0;0;38.077;218.996;0.068;0.072;Q5;9431;Hash Join;9;Outer;;0;12500;62500;5;0.04;2.46;4586.84;116;0.0;0;0.588;35.172;0.09;0.091;Q5;9440;Seq Scan;7;Outer;;223;10000;0;0;1.0;0.0;323.0;8;10000.0;0;Q5;9439;Hash;6;Inner;;0;10000;10000;0;1.0;323.0;323.0;8;0.0;0;0.087;3.479;0.0;0.0;Q5;9438;Index Scan;7;Inner;;112600;5;0;0;8.331646174982899e-07;0.43;1.15;20;6001215.0;0;Q5
Q5_82_seed_664526511;9506;Hash Join;5;Outer;;0;2382;59546;10000;4.000268699828704e-06;5216.52;56906.9;116;0.0;0;39.326;1075.361;35.247;1063.897;3.409;3.41;Q5;9507;Nested Loop;6;Outer;;0;59546;14884;5;0.800134372480516;4743.52;56121.28;128;0.0;0;34.87;216.015;0.071;0.074;Q5;9511;Hash Join;9;Outer;;0;12500;62500;5;0.04;2.46;4586.84;116;0.0;0;0.098;31.832;0.081;0.082;Q5;9520;Seq Scan;7;Outer;;223;10000;0;0;1.0;0.0;323.0;8;10000.0;0;Q5;9519;Hash;6;Inner;;0;10000;10000;0;1.0;323.0;323.0;8;0.0;0;0.085;2.848;0.0;0.0;Q5;9518;Index Scan;7;Inner;;112600;5;0;0;8.331646174982899e-07;0.43;1.14;20;6001215.0;0;Q5
Q5_85_seed_689138604;9566;Hash Join;5;Outer;;0;2350;58750;10000;4e-06;5216.52;56784.67;116;0.0;0;39.94;1066.453;34.042;1055.284;3.138;3.138;Q5;9567;Nested Loop;6;Outer;;0;58750;14685;5;0.8001361933946204;4743.52;56003.24;128;0.0;0;32.972;211.891;0.07;0.075;Q5;9571;Hash Join;9;Outer;;0;12500;62500;5;0.04;2.46;4586.84;116;0.0;0;0.209;29.318;0.119;0.12;Q5;9580;Seq Scan;7;Outer;;223;10000;0;0;1.0;0.0;323.0;8;10000.0;0;Q5;9579;Hash;6;Inner;;0;10000;10000;0;1.0;323.0;323.0;8;0.0;0;0.088;2.617;0.0;0.0;Q5;9578;Index Scan;7;Inner;;112600;5;0;0;8.331646174982899e-07;0.43;1.14;20;6001215.0;0;Q5
Q5_87_seed_705546666;9606;Hash Join;5;Outer;;0;2350;58750;10000;4e-06;5216.52;56784.67;116;0.0;0;44.552;1062.41;37.827;1049.966;4.393;4.394;Q5;9607;Nested Loop;6;Outer;;0;58750;14685;5;0.8001361933946204;4743.52;56003.24;128;0.0;0;37.667;215.561;0.071;0.074;Q5;9611;Hash Join;9;Outer;;0;12500;62500;5;0.04;2.46;4586.84;116;0.0;0;0.277;33.265;0.106;0.107;Q5;9620;Seq Scan;7;Outer;;223;10000;0;0;1.0;0.0;323.0;8;10000.0;0;Q5;9619;Hash;6;Inner;;0;10000;10000;0;1.0;323.0;323.0;8;0.0;0;0.09;3.791;0.0;0.0;Q5;9618;Index Scan;7;Inner;;112600;5;0;0;8.331646174982899e-07;0.43;1.14;20;6001215.0;0;Q5
Q5_89_seed_721954728;9646;Hash Join;5;Outer;;0;2350;58750;10000;4e-06;5216.52;56784.67;116;0.0;0;36.689;1050.959;32.33;1039.357;2.642;2.642;Q5;9647;Nested Loop;6;Outer;;0;58750;14685;5;0.8001361933946204;4743.52;56003.24;128;0.0;0;32.093;208.644;0.07;0.074;Q5;9651;Hash Join;9;Outer;;0;12500;62500;5;0.04;2.46;4586.84;116;0.0;0;0.138;29.667;0.106;0.107;Q5;9660;Seq Scan;7;Outer;;223;10000;0;0;1.0;0.0;323.0;8;10000.0;0;Q5;9659;Hash;6;Inner;;0;10000;10000;0;1.0;323.0;323.0;8;0.0;0;0.081;2.103;0.0;0.0;Q5;9658;Index Scan;7;Inner;;112600;5;0;0;8.331646174982899e-07;0.43;1.14;20;6001215.0;0;Q5
Q5_8_seed_57428217;9666;Hash Join;5;Outer;;0;2338;58459;10000;3.999384183786928e-06;5216.52;56739.8;116;0.0;0;43.813;1049.736;38.014;1037.649;4.034;4.034;Q5;9667;Nested Loop;6;Outer;;0;58459;14612;5;0.8001505611825896;4743.52;55959.89;128;0.0;0;37.804;217.818;0.067;0.071;Q5;9671;Hash Join;9;Outer;;0;12500;62500;5;0.04;2.46;4586.84;116;0.0;0;0.12;34.673;0.087;0.087;Q5;9680;Seq Scan;7;Outer;;223;10000;0;0;1.0;0.0;323.0;8;10000.0;0;Q5;9679;Hash;6;Inner;;0;10000;10000;0;1.0;323.0;323.0;8;0.0;0;0.074;3.548;0.0;0.0;Q5;9678;Index Scan;7;Inner;;112600;5;0;0;8.331646174982899e-07;0.43;1.15;20;6001215.0;0;Q5
Q5_90_seed_730158759;9686;Hash Join;5;Outer;;0;2338;58459;10000;3.999384183786928e-06;5216.52;56739.8;116;0.0;0;41.624;1063.745;34.633;1050.072;5.455;5.455;Q5;9687;Nested Loop;6;Outer;;0;58459;14612;5;0.8001505611825896;4743.52;55959.89;128;0.0;0;34.217;216.577;0.068;0.072;Q5;9691;Hash Join;9;Outer;;0;12500;62500;5;0.04;2.46;4586.84;116;0.0;0;0.01;31.381;0.077;0.078;Q5;9700;Seq Scan;7;Outer;;223;10000;0;0;1.0;0.0;323.0;8;10000.0;0;Q5;9699;Hash;6;Inner;;0;10000;10000;0;1.0;323.0;323.0;8;0.0;0;0.085;4.954;0.0;0.0;Q5;9698;Index Scan;7;Inner;;112600;5;0;0;8.331646174982899e-07;0.43;1.15;20;6001215.0;0;Q5
Q5_91_seed_738362790;9706;Hash Join;5;Outer;;0;2350;58750;10000;4e-06;5216.52;56784.67;116;0.0;0;44.645;1077.227;40.054;1066.277;2.913;2.914;Q5;9707;Nested Loop;6;Outer;;0;58750;14685;5;0.8001361933946204;4743.52;56003.24;128;0.0;0;39.808;220.31;0.07;0.074;Q5;9711;Hash Join;9;Outer;;0;12500;62500;5;0.04;2.46;4586.84;116;0.0;0;0.218;37.378;0.071;0.072;Q5;9720;Seq Scan;7;Outer;;223;10000;0;0;1.0;0.0;323.0;8;10000.0;0;Q5;9719;Hash;6;Inner;;0;10000;10000;0;1.0;323.0;323.0;8;0.0;0;0.089;2.426;0.0;0.0;Q5;9718;Index Scan;7;Inner;;112600;5;0;0;8.331646174982899e-07;0.43;1.14;20;6001215.0;0;Q5
Q5_93_seed_754770852;9746;Hash Join;5;Outer;;0;2350;58750;10000;4e-06;5216.52;56784.67;116;0.0;0;41.241;1093.156;35.679;1080.551;4.416;4.416;Q5;9747;Nested Loop;6;Outer;;0;58750;14685;5;0.8001361933946204;4743.52;56003.24;128;0.0;0;35.404;215.504;0.072;0.075;Q5;9751;Hash Join;9;Outer;;0;12500;62500;5;0.04;2.46;4586.84;116;0.0;0;1.792;32.06;0.095;0.096;Q5;9760;Seq Scan;7;Outer;;223;10000;0;0;1.0;0.0;323.0;8;10000.0;0;Q5;9759;Hash;6;Inner;;0;10000;10000;0;1.0;323.0;323.0;8;0.0;0;0.096;3.688;0.0;0.0;Q5;9758;Index Scan;7;Inner;;112600;5;0;0;8.331646174982899e-07;0.43;1.14;20;6001215.0;0;Q5
Q5_95_seed_771178914;9786;Hash Join;5;Outer;;0;2350;58750;10000;4e-06;5216.52;56784.67;116;0.0;0;41.655;1081.509;37.756;1069.909;3.476;3.476;Q5;9787;Nested Loop;6;Outer;;0;58750;14685;5;0.8001361933946204;4743.52;56003.24;128;0.0;0;36.799;221.311;0.07;0.074;Q5;9791;Hash Join;9;Outer;;0;12500;62500;5;0.04;2.46;4586.84;116;0.0;0;0.1;33.542;0.155;0.155;Q5;9800;Seq Scan;7;Outer;;223;10000;0;0;1.0;0.0;323.0;8;10000.0;0;Q5;9799;Hash;6;Inner;;0;10000;10000;0;1.0;323.0;323.0;8;0.0;0;0.084;2.922;0.0;0.0;Q5;9798;Index Scan;7;Inner;;112600;5;0;0;8.331646174982899e-07;0.43;1.14;20;6001215.0;0;Q5
Q5_97_seed_787586976;9826;Hash Join;5;Outer;;0;2350;58750;10000;4e-06;5216.52;56784.67;116;0.0;0;43.091;1074.992;39.366;1063.827;2.827;2.827;Q5;9827;Nested Loop;6;Outer;;0;58750;14685;5;0.8001361933946204;4743.52;56003.24;128;0.0;0;39.177;219.368;0.07;0.074;Q5;9831;Hash Join;9;Outer;;0;12500;62500;5;0.04;2.46;4586.84;116;0.0;0;0.05;34.627;0.112;0.112;Q5;9840;Seq Scan;7;Outer;;223;10000;0;0;1.0;0.0;323.0;8;10000.0;0;Q5;9839;Hash;6;Inner;;0;10000;10000;0;1.0;323.0;323.0;8;0.0;0;0.095;2.202;0.0;0.0;Q5;9838;Index Scan;7;Inner;;112600;5;0;0;8.331646174982899e-07;0.43;1.14;20;6001215.0;0;Q5
Q5_98_seed_795791007;9846;Hash Join;5;Outer;;0;2338;58459;10000;3.999384183786928e-06;5216.52;56739.8;116;0.0;0;41.158;1058.773;35.657;1047.16;3.467;3.467;Q5;9847;Nested Loop;6;Outer;;0;58459;14612;5;0.8001505611825896;4743.52;55959.89;128;0.0;0;35.478;215.611;0.069;0.073;Q5;9851;Hash Join;9;Outer;;0;12500;62500;5;0.04;2.46;4586.84;116;0.0;0;0.594;32.017;0.38;0.382;Q5;9860;Seq Scan;7;Outer;;223;10000;0;0;1.0;0.0;323.0;8;10000.0;0;Q5;9859;Hash;6;Inner;;0;10000;10000;0;1.0;323.0;323.0;8;0.0;0;0.089;2.972;0.0;0.0;Q5;9858;Index Scan;7;Inner;;112600;5;0;0;8.331646174982899e-07;0.43;1.15;20;6001215.0;0;Q5
Q5_99_seed_803995038;9866;Hash Join;5;Outer;;0;2350;58750;10000;4e-06;5216.52;56784.67;116;0.0;0;43.172;1066.339;35.63;1052.522;5.679;5.679;Q5;9867;Nested Loop;6;Outer;;0;58750;14685;5;0.8001361933946204;4743.52;56003.24;128;0.0;0;35.356;215.748;0.07;0.074;Q5;9871;Hash Join;9;Outer;;0;12500;62500;5;0.04;2.46;4586.84;116;0.0;0;0.158;32.257;0.073;0.073;Q5;9880;Seq Scan;7;Outer;;223;10000;0;0;1.0;0.0;323.0;8;10000.0;0;Q5;9879;Hash;6;Inner;;0;10000;10000;0;1.0;323.0;323.0;8;0.0;0;0.085;5.159;0.0;0.0;Q5;9878;Index Scan;7;Inner;;112600;5;0;0;8.331646174982899e-07;0.43;1.14;20;6001215.0;0;Q5
Q5_9_seed_65632248;9886;Hash Join;5;Outer;;0;2362;59037;10000;4.0008808035638665e-06;5216.52;56827.82;116;0.0;0;41.077;1062.763;36.101;1051.106;3.657;3.657;Q5;9887;Nested Loop;6;Outer;;0;59037;14756;5;0.8001761995120629;4743.52;56044.88;128;0.0;0;35.909;212.737;0.069;0.073;Q5;9891;Hash Join;9;Outer;;0;12500;62500;5;0.04;2.46;4586.84;116;0.0;0;1.166;31.36;0.073;0.074;Q5;9900;Seq Scan;7;Outer;;223;10000;0;0;1.0;0.0;323.0;8;10000.0;0;Q5;9899;Hash;6;Inner;;0;10000;10000;0;1.0;323.0;323.0;8;0.0;0;0.081;3.116;0.0;0.0;Q5;9898;Index Scan;7;Inner;;112600;5;0;0;8.331646174982899e-07;0.43;1.14;20;6001215.0;0;Q5
Q8_101_seed_820403100;13229;Hash Join;5;Outer;;0;769;118013;543;1.2000425898080118e-05;9919.98;70271.45;20;0.0;0;82.365;1228.933;35.374;1183.709;40.875;40.875;Q8;13230;Nested Loop;6;Outer;;0;118013;29497;5;0.800169508763603;4743.52;64785.2;24;0.0;0;35.129;214.609;0.041;0.043;Q8;13234;Hash Join;9;Outer;;0;12500;62500;5;0.04;2.46;4586.84;4;0.0;0;0.076;32.681;0.227;0.228;Q8;13243;Seq Scan;7;Outer;;4128;543;0;0;0.002715;0.0;5169.67;4;200000.0;0;Q8;13242;Hash;6;Inner;;0;543;543;0;1.0;5169.67;5169.67;4;0.0;0;0.081;40.818;0.0;0.0;Q8;13241;Index Scan;7;Inner;;112600;5;0;0;8.331646174982899e-07;0.43;0.83;24;6001215.0;0;Q8
Q8_102_seed_828607131;13252;Hash Join;5;Outer;;0;808;118013;570;1.2011760226831982e-05;9920.31;70271.79;20;0.0;0;71.035;1187.531;31.479;1148.243;34.804;34.804;Q8;13253;Nested Loop;6;Outer;;0;118013;29497;5;0.800169508763603;4743.52;64785.2;24;0.0;0;31.061;206.297;0.038;0.04;Q8;13257;Hash Join;9;Outer;;0;12500;62500;5;0.04;2.46;4586.84;4;0.0;0;0.021;26.397;2.097;2.098;Q8;13266;Seq Scan;7;Outer;;4128;570;0;0;0.00285;0.0;5169.67;4;200000.0;0;Q8;13265;Hash;6;Inner;;0;570;570;0;1.0;5169.67;5169.67;4;0.0;0;0.08;34.683;0.0;0.0;Q8;13264;Index Scan;7;Inner;;112600;5;0;0;8.331646174982899e-07;0.43;0.83;24;6001215.0;0;Q8
Q8_103_seed_836811162;13275;Hash Join;5;Outer;;0;730;118013;515;1.2011182904894712e-05;9919.63;70271.1;20;0.0;0;82.77;1201.588;40.15;1156.637;40.672;40.672;Q8;13276;Nested Loop;6;Outer;;0;118013;29497;5;0.800169508763603;4743.52;64785.2;24;0.0;0;39.736;217.54;0.039;0.041;Q8;13280;Hash Join;9;Outer;;0;12500;62500;5;0.04;2.46;4586.84;4;0.0;0;0.071;36.053;0.224;0.224;Q8;13289;Seq Scan;7;Outer;;4128;515;0;0;0.002575;0.0;5169.67;4;200000.0;0;Q8;13288;Hash;6;Inner;;0;515;515;0;1.0;5169.67;5169.67;4;0.0;0;0.411;40.612;0.0;0.0;Q8;13287;Index Scan;7;Inner;;112600;5;0;0;8.331646174982899e-07;0.43;0.83;24;6001215.0;0;Q8
Q8_105_seed_853219224;13321;Hash Join;5;Outer;;0;782;118013;552;1.2004327206889636e-05;9920.09;70271.57;20;0.0;0;87.326;1229.722;37.365;1181.932;43.104;43.104;Q8;13322;Nested Loop;6;Outer;;0;118013;29497;5;0.800169508763603;4743.52;64785.2;24;0.0;0;37.103;214.189;0.039;0.041;Q8;13326;Hash Join;9;Outer;;0;12500;62500;5;0.04;2.46;4586.84;4;0.0;0;0.478;34.682;0.178;0.178;Q8;13335;Seq Scan;7;Outer;;4128;552;0;0;0.00276;0.0;5169.67;4;200000.0;0;Q8;13334;Hash;6;Inner;;0;552;552;0;1.0;5169.67;5169.67;4;0.0;0;0.366;42.989;0.0;0.0;Q8;13333;Index Scan;7;Inner;;112600;5;0;0;8.331646174982899e-07;0.43;0.83;24;6001215.0;0;Q8
Q8_106_seed_861423255;13344;Hash Join;5;Outer;;0;751;118013;530;1.2006991874416136e-05;9919.81;70271.29;20;0.0;0;72.794;1171.46;29.913;1130.404;36.704;36.704;Q8;13345;Nested Loop;6;Outer;;0;118013;29497;5;0.800169508763603;4743.52;64785.2;24;0.0;0;29.673;204.477;0.038;0.04;Q8;13349;Hash Join;9;Outer;;0;12500;62500;5;0.04;2.46;4586.84;4;0.0;0;0.199;27.131;0.209;0.21;Q8;13358;Seq Scan;7;Outer;;4128;530;0;0;0.00265;0.0;5169.67;4;200000.0;0;Q8;13357;Hash;6;Inner;;0;530;530;0;1.0;5169.67;5169.67;4;0.0;0;0.704;36.573;0.0;0.0;Q8;13356;Index Scan;7;Inner;;112600;5;0;0;8.331646174982899e-07;0.43;0.83;24;6001215.0;0;Q8
Q8_107_seed_869627286;13367;Hash Join;5;Outer;;0;794;118013;560;1.2014414876811391e-05;9920.19;70271.67;20;0.0;0;86.26;1226.483;39.837;1179.133;42.832;42.832;Q8;13368;Nested Loop;6;Outer;;0;118013;29497;5;0.800169508763603;4743.52;64785.2;24;0.0;0;39.587;220.333;0.039;0.041;Q8;13372;Hash Join;9;Outer;;0;12500;62500;5;0.04;2.46;4586.84;4;0.0;0;0.871;37.132;0.2;0.201;Q8;13381;Seq Scan;7;Outer;;4128;560;0;0;0.0028;0.0;5169.67;4;200000.0;0;Q8;13380;Hash;6;Inner;;0;560;560;0;1.0;5169.67;5169.67;4;0.0;0;0.441;42.736;0.0;0.0;Q8;13379;Index Scan;7;Inner;;112600;5;0;0;8.331646174982899e-07;0.43;0.83;24;6001215.0;0;Q8
Q8_108_seed_877831317;13390;Hash Join;5;Outer;;0;784;118013;553;1.201326564859246e-05;9920.1;70271.58;20;0.0;0;83.248;1228.682;40.614;1182.762;41.545;41.545;Q8;13391;Nested Loop;6;Outer;;0;118013;29497;5;0.800169508763603;4743.52;64785.2;24;0.0;0;40.16;219.286;0.04;0.042;Q8;13395;Hash Join;9;Outer;;0;12500;62500;5;0.04;2.46;4586.84;4;0.0;0;0.264;36.702;0.404;0.404;Q8;13404;Seq Scan;7;Outer;;4128;553;0;0;0.002765;0.0;5169.67;4;200000.0;0;Q8;13403;Hash;6;Inner;;0;553;553;0;1.0;5169.67;5169.67;4;0.0;0;0.075;41.436;0.0;0.0;Q8;13402;Index Scan;7;Inner;;112600;5;0;0;8.331646174982899e-07;0.43;0.83;24;6001215.0;0;Q8
Q8_10_seed_73836279;13436;Hash Join;5;Outer;;0;782;118013;552;1.2004327206889636e-05;9920.09;70271.57;20;0.0;0;80.218;1191.251;36.615;1147.451;39.249;39.249;Q8;13437;Nested Loop;6;Outer;;0;118013;29497;5;0.800169508763603;4743.52;64785.2;24;0.0;0;36.453;207.718;0.038;0.04;Q8;13441;Hash Join;9;Outer;;0;12500;62500;5;0.04;2.46;4586.84;4;0.0;0;0.169;32.799;0.162;0.162;Q8;13450;Seq Scan;7;Outer;;4128;552;0;0;0.00276;0.0;5169.67;4;200000.0;0;Q8;13449;Hash;6;Inner;;0;552;552;0;1.0;5169.67;5169.67;4;0.0;0;0.14;39.141;0.0;0.0;Q8;13448;Index Scan;7;Inner;;112600;5;0;0;8.331646174982899e-07;0.43;0.83;24;6001215.0;0;Q8
Q8_113_seed_918851472;13528;Hash Join;5;Outer;;0;834;118013;589;1.1998332835968389e-05;9920.55;70272.03;20;0.0;0;80.7;1199.337;35.234;1152.451;41.779;41.779;Q8;13529;Nested Loop;6;Outer;;0;118013;29497;5;0.800169508763603;4743.52;64785.2;24;0.0;0;35.036;210.063;0.039;0.041;Q8;13533;Hash Join;9;Outer;;0;12500;62500;5;0.04;2.46;4586.84;4;0.0;0;0.334;32.393;0.09;0.091;Q8;13542;Seq Scan;7;Outer;;4128;589;0;0;0.002945;0.0;5169.67;4;200000.0;0;Q8;13541;Hash;6;Inner;;0;589;589;0;1.0;5169.67;5169.67;4;0.0;0;0.185;41.674;0.0;0.0;Q8;13540;Index Scan;7;Inner;;112600;5;0;0;8.331646174982899e-07;0.43;0.83;24;6001215.0;0;Q8
Q8_114_seed_927055503;13551;Hash Join;5;Outer;;0;800;118013;565;1.1998078207823062e-05;9920.25;70271.73;20;0.0;0;80.917;1190.584;39.723;1147.435;38.805;38.805;Q8;13552;Nested Loop;6;Outer;;0;118013;29497;5;0.800169508763603;4743.52;64785.2;24;0.0;0;39.54;213.237;0.039;0.041;Q8;13556;Hash Join;9;Outer;;0;12500;62500;5;0.04;2.46;4586.84;4;0.0;0;0.082;35.705;0.309;0.31;Q8;13565;Seq Scan;7;Outer;;4128;565;0;0;0.002825;0.0;5169.67;4;200000.0;0;Q8;13564;Hash;6;Inner;;0;565;565;0;1.0;5169.67;5169.67;4;0.0;0;0.341;38.738;0.0;0.0;Q8;13563;Index Scan;7;Inner;;112600;5;0;0;8.331646174982899e-07;0.43;0.83;24;6001215.0;0;Q8
Q8_115_seed_935259534;13574;Hash Join;5;Outer;;0;757;118013;535;1.1989808504385428e-05;9919.88;70271.35;20;0.0;0;74.49;1174.222;35.056;1134.001;35.769;35.769;Q8;13575;Nested Loop;6;Outer;;0;118013;29497;5;0.800169508763603;4743.52;64785.2;24;0.0;0;34.539;209.952;0.038;0.04;Q8;13579;Hash Join;9;Outer;;0;12500;62500;5;0.04;2.46;4586.84;4;0.0;0;0.229;31.449;0.138;0.138;Q8;13588;Seq Scan;7;Outer;;4128;535;0;0;0.002675;0.0;5169.67;4;200000.0;0;Q8;13587;Hash;6;Inner;;0;535;535;0;1.0;5169.67;5169.67;4;0.0;0;0.094;35.687;0.0;0.0;Q8;13586;Index Scan;7;Inner;;112600;5;0;0;8.331646174982899e-07;0.43;0.83;24;6001215.0;0;Q8
Q8_116_seed_943463565;13597;Hash Join;5;Outer;;0;805;118013;568;1.2009300001921488e-05;9920.29;70271.77;20;0.0;0;72.826;1246.926;31.611;1204.505;37.845;37.845;Q8;13598;Nested Loop;6;Outer;;0;118013;29497;5;0.800169508763603;4743.52;64785.2;24;0.0;0;31.391;211.416;0.041;0.043;Q8;13602;Hash Join;9;Outer;;0;12500;62500;5;0.04;2.46;4586.84;4;0.0;0;0.027;28.952;0.219;0.22;Q8;13611;Seq Scan;7;Outer;;4128;568;0;0;0.00284;0.0;5169.67;4;200000.0;0;Q8;13610;Hash;6;Inner;;0;568;568;0;1.0;5169.67;5169.67;4;0.0;0;0.372;37.757;0.0;0.0;Q8;13609;Index Scan;7;Inner;;112600;5;0;0;8.331646174982899e-07;0.43;0.83;24;6001215.0;0;Q8
Q8_119_seed_968075658;13666;Hash Join;5;Outer;;0;817;118013;577;1.19982081696754e-05;9920.4;70271.88;20;0.0;0;82.579;1244.827;38.137;1198.111;41.716;41.716;Q8;13667;Nested Loop;6;Outer;;0;118013;29497;5;0.800169508763603;4743.52;64785.2;24;0.0;0;37.877;218.265;0.041;0.043;Q8;13671;Hash Join;9;Outer;;0;12500;62500;5;0.04;2.46;4586.84;4;0.0;0;0.19;35.389;0.221;0.222;Q8;13680;Seq Scan;7;Outer;;4128;577;0;0;0.002885;0.0;5169.67;4;200000.0;0;Q8;13679;Hash;6;Inner;;0;577;577;0;1.0;5169.67;5169.67;4;0.0;0;0.112;41.627;0.0;0.0;Q8;13678;Index Scan;7;Inner;;112600;5;0;0;8.331646174982899e-07;0.43;0.83;24;6001215.0;0;Q8
Q8_11_seed_82040310;13689;Hash Join;5;Outer;;0;809;118013;571;1.200556387395535e-05;9920.33;70271.8;20;0.0;0;69.573;1197.889;31.558;1158.094;35.357;35.357;Q8;13690;Nested Loop;6;Outer;;0;118013;29497;5;0.800169508763603;4743.52;64785.2;24;0.0;0;31.399;206.482;0.039;0.041;Q8;13694;Hash Join;9;Outer;;0;12500;62500;5;0.04;2.46;4586.84;4;0.0;0;0.084;27.714;0.304;0.305;Q8;13703;Seq Scan;7;Outer;;4128;571;0;0;0.002855;0.0;5169.67;4;200000.0;0;Q8;13702;Hash;6;Inner;;0;571;571;0;1.0;5169.67;5169.67;4;0.0;0;0.103;35.245;0.0;0.0;Q8;13701;Index Scan;7;Inner;;112600;5;0;0;8.331646174982899e-07;0.43;0.83;24;6001215.0;0;Q8
Q8_121_seed_984483720;13735;Hash Join;5;Outer;;0;801;118013;565;1.201307580558284e-05;9920.25;70271.73;20;0.0;0;78.85;1216.596;36.713;1171.046;40.464;40.464;Q8;13736;Nested Loop;6;Outer;;0;118013;29497;5;0.800169508763603;4743.52;64785.2;24;0.0;0;36.459;211.72;0.039;0.042;Q8;13740;Hash Join;9;Outer;;0;12500;62500;5;0.04;2.46;4586.84;4;0.0;0;0.277;34.096;0.079;0.079;Q8;13749;Seq Scan;7;Outer;;4128;565;0;0;0.002825;0.0;5169.67;4;200000.0;0;Q8;13748;Hash;6;Inner;;0;565;565;0;1.0;5169.67;5169.67;4;0.0;0;0.173;40.374;0.0;0.0;Q8;13747;Index Scan;7;Inner;;112600;5;0;0;8.331646174982899e-07;0.43;0.83;24;6001215.0;0;Q8
Q8_122_seed_992687751;13758;Hash Join;5;Outer;;0;830;118013;586;1.200191718335884e-05;9920.51;70271.99;20;0.0;0;77.863;1190.821;33.231;1145.762;40.176;40.176;Q8;13759;Nested Loop;6;Outer;;0;118013;29497;5;0.800169508763603;4743.52;64785.2;24;0.0;0;33.075;211.669;0.038;0.04;Q8;13763;Hash Join;9;Outer;;0;12500;62500;5;0.04;2.46;4586.84;4;0.0;0;0.163;29.901;0.085;0.085;Q8;13772;Seq Scan;7;Outer;;4128;586;0;0;0.00293;0.0;5169.67;4;200000.0;0;Q8;13771;Hash;6;Inner;;0;586;586;0;1.0;5169.67;5169.67;4;0.0;0;0.138;40.087;0.0;0.0;Q8;13770;Index Scan;7;Inner;;112600;5;0;0;8.331646174982899e-07;0.43;0.83;24;6001215.0;0;Q8
Q8_123_seed_1000891782;13781;Hash Join;5;Outer;;0;793;118013;560;1.1999283371928758e-05;9920.19;70271.67;20;0.0;0;80.825;1202.982;36.348;1156.175;41.513;41.513;Q8;13782;Nested Loop;6;Outer;;0;118013;29497;5;0.800169508763603;4743.52;64785.2;24;0.0;0;36.077;214.011;0.039;0.041;Q8;13786;Hash Join;9;Outer;;0;12500;62500;5;0.04;2.46;4586.84;4;0.0;0;0.241;33.486;0.098;0.099;Q8;13795;Seq Scan;7;Outer;;4128;560;0;0;0.0028;0.0;5169.67;4;200000.0;0;Q8;13794;Hash;6;Inner;;0;560;560;0;1.0;5169.67;5169.67;4;0.0;0;0.126;41.408;0.0;0.0;Q8;13793;Index Scan;7;Inner;;112600;5;0;0;8.331646174982899e-07;0.43;0.83;24;6001215.0;0;Q8
Q8_125_seed_1017299844;13827;Hash Join;5;Outer;;0;782;118013;552;1.2004327206889636e-05;9920.09;70271.57;20;0.0;0;86.751;1266.766;38.844;1220.356;41.895;41.895;Q8;13828;Nested Loop;6;Outer;;0;118013;29497;5;0.800169508763603;4743.52;64785.2;24;0.0;0;38.597;215.879;0.042;0.044;Q8;13832;Hash Join;9;Outer;;0;12500;62500;5;0.04;2.46;4586.84;4;0.0;0;0.021;36.101;0.234;0.235;Q8;13841;Seq Scan;7;Outer;;4128;552;0;0;0.00276;0.0;5169.67;4;200000.0;0;Q8;13840;Hash;6;Inner;;0;552;552;0;1.0;5169.67;5169.67;4;0.0;0;0.345;41.814;0.0;0.0;Q8;13839;Index Scan;7;Inner;;112600;5;0;0;8.331646174982899e-07;0.43;0.83;24;6001215.0;0;Q8
Q8_126_seed_1025503875;13850;Hash Join;5;Outer;;0;781;118013;551;1.2010734982702004e-05;9920.08;70271.55;20;0.0;0;86.1;1223.547;37.127;1172.928;41.426;41.426;Q8;13851;Nested Loop;6;Outer;;0;118013;29497;5;0.800169508763603;4743.52;64785.2;24;0.0;0;36.85;216.218;0.04;0.042;Q8;13855;Hash Join;9;Outer;;0;12500;62500;5;0.04;2.46;4586.84;4;0.0;0;0.339;34.094;0.093;0.094;Q8;13864;Seq Scan;7;Outer;;4128;551;0;0;0.002755;0.0;5169.67;4;200000.0;0;Q8;13863;Hash;6;Inner;;0;551;551;0;1.0;5169.67;5169.67;4;0.0;0;0.439;41.288;0.0;0.0;Q8;13862;Index Scan;7;Inner;;112600;5;0;0;8.331646174982899e-07;0.43;0.83;24;6001215.0;0;Q8
Q8_12_seed_90244341;13942;Hash Join;5;Outer;;0;779;118013;550;1.20017594363641e-05;9920.06;70271.54;20;0.0;0;88.13;1229.474;38.788;1183.503;41.499;41.499;Q8;13943;Nested Loop;6;Outer;;0;118013;29497;5;0.800169508763603;4743.52;64785.2;24;0.0;0;38.613;217.438;0.04;0.042;Q8;13947;Hash Join;9;Outer;;0;12500;62500;5;0.04;2.46;4586.84;4;0.0;0;0.015;31.636;1.4;1.401;Q8;13956;Seq Scan;7;Outer;;4128;550;0;0;0.00275;0.0;5169.67;4;200000.0;0;Q8;13955;Hash;6;Inner;;0;550;550;0;1.0;5169.67;5169.67;4;0.0;0;0.132;41.4;0.0;0.0;Q8;13954;Index Scan;7;Inner;;112600;5;0;0;8.331646174982899e-07;0.43;0.83;24;6001215.0;0;Q8
Q8_130_seed_1058319999;13965;Hash Join;5;Outer;;0;770;118013;544;1.1993942840793711e-05;9919.99;70271.47;20;0.0;0;83.739;1224.245;37.355;1178.076;40.969;40.97;Q8;13966;Nested Loop;6;Outer;;0;118013;29497;5;0.800169508763603;4743.52;64785.2;24;0.0;0;37.174;214.822;0.04;0.042;Q8;13970;Hash Join;9;Outer;;0;12500;62500;5;0.04;2.46;4586.84;4;0.0;0;0.243;34.084;0.086;0.087;Q8;13979;Seq Scan;7;Outer;;4128;544;0;0;0.00272;0.0;5169.67;4;200000.0;0;Q8;13978;Hash;6;Inner;;0;544;544;0;1.0;5169.67;5169.67;4;0.0;0;0.374;40.912;0.0;0.0;Q8;13977;Index Scan;7;Inner;;112600;5;0;0;8.331646174982899e-07;0.43;0.83;24;6001215.0;0;Q8
Q8_132_seed_1074728061;14011;Hash Join;5;Outer;;0;758;118013;535;1.2005647088935474e-05;9919.88;70271.35;20;0.0;0;76.343;1194.784;33.417;1149.294;41.053;41.053;Q8;14012;Nested Loop;6;Outer;;0;118013;29497;5;0.800169508763603;4743.52;64785.2;24;0.0;0;33.197;207.111;0.039;0.041;Q8;14016;Hash Join;9;Outer;;0;12500;62500;5;0.04;2.46;4586.84;4;0.0;0;0.336;30.553;0.149;0.15;Q8;14025;Seq Scan;7;Outer;;4128;535;0;0;0.002675;0.0;5169.67;4;200000.0;0;Q8;14024;Hash;6;Inner;;0;535;535;0;1.0;5169.67;5169.67;4;0.0;0;0.206;40.928;0.0;0.0;Q8;14023;Index Scan;7;Inner;;112600;5;0;0;8.331646174982899e-07;0.43;0.83;24;6001215.0;0;Q8
Q8_134_seed_1091136123;14057;Hash Join;5;Outer;;0;808;118013;570;1.2011760226831982e-05;9920.31;70271.79;20;0.0;0;83.675;1227.331;39.525;1181.356;41.47;41.47;Q8;14058;Nested Loop;6;Outer;;0;118013;29497;5;0.800169508763603;4743.52;64785.2;24;0.0;0;39.256;213.3;0.04;0.042;Q8;14062;Hash Join;9;Outer;;0;12500;62500;5;0.04;2.46;4586.84;4;0.0;0;0.072;36.228;0.207;0.208;Q8;14071;Seq Scan;7;Outer;;4128;570;0;0;0.00285;0.0;5169.67;4;200000.0;0;Q8;14070;Hash;6;Inner;;0;570;570;0;1.0;5169.67;5169.67;4;0.0;0;0.089;41.335;0.0;0.0;Q8;14069;Index Scan;7;Inner;;112600;5;0;0;8.331646174982899e-07;0.43;0.83;24;6001215.0;0;Q8
Q8_135_seed_1099340154;14080;Hash Join;5;Outer;;0;777;118013;549;1.1992751192225326e-05;9920.05;70271.53;20;0.0;0;80.797;1199.463;37.142;1153.566;40.736;40.736;Q8;14081;Nested Loop;6;Outer;;0;118013;29497;5;0.800169508763603;4743.52;64785.2;24;0.0;0;36.918;215.352;0.039;0.041;Q8;14085;Hash Join;9;Outer;;0;12500;62500;5;0.04;2.46;4586.84;4;0.0;0;0.758;34.43;0.152;0.152;Q8;14094;Seq Scan;7;Outer;;4128;549;0;0;0.002745;0.0;5169.67;4;200000.0;0;Q8;14093;Hash;6;Inner;;0;549;549;0;1.0;5169.67;5169.67;4;0.0;0;0.346;40.619;0.0;0.0;Q8;14092;Index Scan;7;Inner;;112600;5;0;0;8.331646174982899e-07;0.43;0.83;24;6001215.0;0;Q8
Q8_136_seed_1107544185;14103;Hash Join;5;Outer;;0;750;118013;530;1.1991003869257127e-05;9919.81;70271.29;20;0.0;0;81.23;1199.696;35.614;1152.884;42.319;42.319;Q8;14104;Nested Loop;6;Outer;;0;118013;29497;5;0.800169508763603;4743.52;64785.2;24;0.0;0;35.335;212.072;0.04;0.041;Q8;14108;Hash Join;9;Outer;;0;12500;62500;5;0.04;2.46;4586.84;4;0.0;0;0.287;32.204;0.103;0.104;Q8;14117;Seq Scan;7;Outer;;4128;530;0;0;0.00265;0.0;5169.67;4;200000.0;0;Q8;14116;Hash;6;Inner;;0;530;530;0;1.0;5169.67;5169.67;4;0.0;0;0.232;42.167;0.0;0.0;Q8;14115;Index Scan;7;Inner;;112600;5;0;0;8.331646174982899e-07;0.43;0.83;24;6001215.0;0;Q8
Q8_138_seed_1123952247;14149;Hash Join;5;Outer;;0;790;118013;558;1.1996734337056056e-05;9920.16;70271.64;20;0.0;0;81.908;1194.463;39.499;1149.194;40.78;40.78;Q8;14150;Nested Loop;6;Outer;;0;118013;29497;5;0.800169508763603;4743.52;64785.2;24;0.0;0;39.262;216.177;0.039;0.041;Q8;14154;Hash Join;9;Outer;;0;12500;62500;5;0.04;2.46;4586.84;4;0.0;0;0.119;36.791;0.185;0.186;Q8;14163;Seq Scan;7;Outer;;4128;558;0;0;0.00279;0.0;5169.67;4;200000.0;0;Q8;14162;Hash;6;Inner;;0;558;558;0;1.0;5169.67;5169.67;4;0.0;0;0.328;40.697;0.0;0.0;Q8;14161;Index Scan;7;Inner;;112600;5;0;0;8.331646174982899e-07;0.43;0.83;24;6001215.0;0;Q8
Q8_139_seed_1132156278;14172;Hash Join;5;Outer;;0;776;118013;548;1.199917292298801e-05;9920.04;70271.52;20;0.0;0;86.425;1218.401;36.472;1173.978;40.112;40.112;Q8;14173;Nested Loop;6;Outer;;0;118013;29497;5;0.800169508763603;4743.52;64785.2;24;0.0;0;36.214;213.84;0.039;0.042;Q8;14177;Hash Join;9;Outer;;0;12500;62500;5;0.04;2.46;4586.84;4;0.0;0;0.338;33.583;0.226;0.227;Q8;14186;Seq Scan;7;Outer;;4128;548;0;0;0.00274;0.0;5169.67;4;200000.0;0;Q8;14185;Hash;6;Inner;;0;548;548;0;1.0;5169.67;5169.67;4;0.0;0;0.351;39.983;0.0;0.0;Q8;14184;Index Scan;7;Inner;;112600;5;0;0;8.331646174982899e-07;0.43;0.83;24;6001215.0;0;Q8
Q8_13_seed_98448372;14195;Hash Join;5;Outer;;0;756;118013;534;1.1996393084479266e-05;9919.86;70271.34;20;0.0;0;84.158;1193.689;39.669;1149.405;39.937;39.937;Q8;14196;Nested Loop;6;Outer;;0;118013;29497;5;0.800169508763603;4743.52;64785.2;24;0.0;0;38.994;218.698;0.038;0.04;Q8;14200;Hash Join;9;Outer;;0;12500;62500;5;0.04;2.46;4586.84;4;0.0;0;0.238;35.678;0.211;0.211;Q8;14209;Seq Scan;7;Outer;;4128;534;0;0;0.00267;0.0;5169.67;4;200000.0;0;Q8;14208;Hash;6;Inner;;0;534;534;0;1.0;5169.67;5169.67;4;0.0;0;0.074;39.807;0.0;0.0;Q8;14207;Index Scan;7;Inner;;112600;5;0;0;8.331646174982899e-07;0.43;0.83;24;6001215.0;0;Q8
Q8_140_seed_1140360309;14218;Hash Join;5;Outer;;0;784;118013;554;1.1991581053558898e-05;9920.11;70271.59;20;0.0;0;88.086;1245.347;40.307;1200.928;39.907;39.907;Q8;14219;Nested Loop;6;Outer;;0;118013;29497;5;0.800169508763603;4743.52;64785.2;24;0.0;0;40.128;216.6;0.04;0.042;Q8;14223;Hash Join;9;Outer;;0;12500;62500;5;0.04;2.46;4586.84;4;0.0;0;0.09;36.306;0.291;0.291;Q8;14232;Seq Scan;7;Outer;;4128;554;0;0;0.00277;0.0;5169.67;4;200000.0;0;Q8;14231;Hash;6;Inner;;0;554;554;0;1.0;5169.67;5169.67;4;0.0;0;0.121;39.853;0.0;0.0;Q8;14230;Index Scan;7;Inner;;112600;5;0;0;8.331646174982899e-07;0.43;0.83;24;6001215.0;0;Q8
Q8_143_seed_1164972402;14287;Hash Join;5;Outer;;0;748;118013;528;1.2004327206889636e-05;9919.79;70271.27;20;0.0;0;89.771;1221.566;40.443;1175.445;40.933;40.933;Q8;14288;Nested Loop;6;Outer;;0;118013;29497;5;0.800169508763603;4743.52;64785.2;24;0.0;0;39.92;216.876;0.04;0.042;Q8;14292;Hash Join;9;Outer;;0;12500;62500;5;0.04;2.46;4586.84;4;0.0;0;0.265;37.252;0.081;0.081;Q8;14301;Seq Scan;7;Outer;;4128;528;0;0;0.00264;0.0;5169.67;4;200000.0;0;Q8;14300;Hash;6;Inner;;0;528;528;0;1.0;5169.67;5169.67;4;0.0;0;0.118;40.822;0.0;0.0;Q8;14299;Index Scan;7;Inner;;112600;5;0;0;8.331646174982899e-07;0.43;0.83;24;6001215.0;0;Q8
Q8_144_seed_1173176433;14310;Hash Join;5;Outer;;0;790;118013;558;1.1996734337056056e-05;9920.16;70271.64;20;0.0;0;82.271;1220.546;39.283;1175.155;40.934;40.934;Q8;14311;Nested Loop;6;Outer;;0;118013;29497;5;0.800169508763603;4743.52;64785.2;24;0.0;0;38.241;216.533;0.039;0.042;Q8;14315;Hash Join;9;Outer;;0;12500;62500;5;0.04;2.46;4586.84;4;0.0;0;0.077;34.083;0.186;0.187;Q8;14324;Seq Scan;7;Outer;;4128;558;0;0;0.00279;0.0;5169.67;4;200000.0;0;Q8;14323;Hash;6;Inner;;0;558;558;0;1.0;5169.67;5169.67;4;0.0;0;0.076;40.83;0.0;0.0;Q8;14322;Index Scan;7;Inner;;112600;5;0;0;8.331646174982899e-07;0.43;0.83;24;6001215.0;0;Q8
Q8_145_seed_1181380464;14333;Hash Join;5;Outer;;0;781;118013;552;1.198897640483479e-05;9920.09;70271.57;20;0.0;0;70.463;1215.703;32.896;1176.659;34.61;34.61;Q8;14334;Nested Loop;6;Outer;;0;118013;29497;5;0.800169508763603;4743.52;64785.2;24;0.0;0;32.639;208.31;0.04;0.042;Q8;14338;Hash Join;9;Outer;;0;12500;62500;5;0.04;2.46;4586.84;4;0.0;0;0.072;29.255;0.21;0.211;Q8;14347;Seq Scan;7;Outer;;4128;552;0;0;0.00276;0.0;5169.67;4;200000.0;0;Q8;14346;Hash;6;Inner;;0;552;552;0;1.0;5169.67;5169.67;4;0.0;0;0.068;34.55;0.0;0.0;Q8;14345;Index Scan;7;Inner;;112600;5;0;0;8.331646174982899e-07;0.43;0.83;24;6001215.0;0;Q8
Q8_147_seed_1197788526;14379;Hash Join;5;Outer;;0;790;118013;558;1.1996734337056056e-05;9920.16;70271.64;20;0.0;0;86.407;1220.989;39.026;1175.81;40.593;40.593;Q8;14380;Nested Loop;6;Outer;;0;118013;29497;5;0.800169508763603;4743.52;64785.2;24;0.0;0;38.822;216.065;0.04;0.042;Q8;14384;Hash Join;9;Outer;;0;12500;62500;5;0.04;2.46;4586.84;4;0.0;0;0.134;35.428;0.166;0.167;Q8;14393;Seq Scan;7;Outer;;4128;558;0;0;0.00279;0.0;5169.67;4;200000.0;0;Q8;14392;Hash;6;Inner;;0;558;558;0;1.0;5169.67;5169.67;4;0.0;0;0.2;40.475;0.0;0.0;Q8;14391;Index Scan;7;Inner;;112600;5;0;0;8.331646174982899e-07;0.43;0.83;24;6001215.0;0;Q8
Q8_148_seed_1205992557;14402;Hash Join;5;Outer;;0;838;118013;592;1.199478481642311e-05;9920.59;70272.07;20;0.0;0;84.157;1214.904;37.881;1170.08;39.956;39.956;Q8;14403;Nested Loop;6;Outer;;0;118013;29497;5;0.800169508763603;4743.52;64785.2;24;0.0;0;37.646;217.176;0.04;0.042;Q8;14407;Hash Join;9;Outer;;0;12500;62500;5;0.04;2.46;4586.84;4;0.0;0;0.189;35.395;0.141;0.141;Q8;14416;Seq Scan;7;Outer;;4128;592;0;0;0.00296;0.0;5169.67;4;200000.0;0;Q8;14415;Hash;6;Inner;;0;592;592;0;1.0;5169.67;5169.67;4;0.0;0;0.456;39.859;0.0;0.0;Q8;14414;Index Scan;7;Inner;;112600;5;0;0;8.331646174982899e-07;0.43;0.83;24;6001215.0;0;Q8
Q8_149_seed_1214196588;14425;Hash Join;5;Outer;;0;766;118013;541;1.199780098790144e-05;9919.95;70271.43;20;0.0;0;85.066;1251.885;40.168;1207.491;39.933;39.933;Q8;14426;Nested Loop;6;Outer;;0;118013;29497;5;0.800169508763603;4743.52;64785.2;24;0.0;0;38.811;217.635;0.041;0.043;Q8;14430;Hash Join;9;Outer;;0;12500;62500;5;0.04;2.46;4586.84;4;0.0;0;0.162;35.462;0.227;0.227;Q8;14439;Seq Scan;7;Outer;;4128;541;0;0;0.002705;0.0;5169.67;4;200000.0;0;Q8;14438;Hash;6;Inner;;0;541;541;0;1.0;5169.67;5169.67;4;0.0;0;0.636;39.837;0.0;0.0;Q8;14437;Index Scan;7;Inner;;112600;5;0;0;8.331646174982899e-07;0.43;0.83;24;6001215.0;0;Q8
Q8_17_seed_131264496;14540;Hash Join;5;Outer;;0;796;118013;562;1.2001814264204502e-05;9920.21;70271.69;20;0.0;0;76.42;1236.534;39.511;1197.566;34.463;34.463;Q8;14541;Nested Loop;6;Outer;;0;118013;29497;5;0.800169508763603;4743.52;64785.2;24;0.0;0;39.25;217.055;0.04;0.042;Q8;14545;Hash Join;9;Outer;;0;12500;62500;5;0.04;2.46;4586.84;4;0.0;0;0.188;36.646;0.204;0.204;Q8;14554;Seq Scan;7;Outer;;4128;562;0;0;0.00281;0.0;5169.67;4;200000.0;0;Q8;14553;Hash;6;Inner;;0;562;562;0;1.0;5169.67;5169.67;4;0.0;0;0.136;34.411;0.0;0.0;Q8;14552;Index Scan;7;Inner;;112600;5;0;0;8.331646174982899e-07;0.43;0.83;24;6001215.0;0;Q8
Q8_19_seed_147672558;14586;Hash Join;5;Outer;;0;749;118013;529;1.199765294512666e-05;9919.8;70271.28;20;0.0;0;79.141;1214.357;35.543;1172.624;37.32;37.32;Q8;14587;Nested Loop;6;Outer;;0;118013;29497;5;0.800169508763603;4743.52;64785.2;24;0.0;0;35.309;208.736;0.039;0.041;Q8;14591;Hash Join;9;Outer;;0;12500;62500;5;0.04;2.46;4586.84;4;0.0;0;0.073;30.495;2.503;2.504;Q8;14600;Seq Scan;7;Outer;;4128;529;0;0;0.002645;0.0;5169.67;4;200000.0;0;Q8;14599;Hash;6;Inner;;0;529;529;0;1.0;5169.67;5169.67;4;0.0;0;0.377;37.213;0.0;0.0;Q8;14598;Index Scan;7;Inner;;112600;5;0;0;8.331646174982899e-07;0.43;0.83;24;6001215.0;0;Q8
Q8_1_seed_0101000000;14609;Hash Join;5;Outer;;0;732;118013;517;1.1997498029960014e-05;9919.65;70271.13;20;0.0;0;80.718;1222.211;37.234;1178.143;39.405;39.405;Q8;14610;Nested Loop;6;Outer;;0;118013;29497;5;0.800169508763603;4743.52;64785.2;24;0.0;0;36.974;214.131;0.04;0.042;Q8;14614;Hash Join;9;Outer;;0;12500;62500;5;0.04;2.46;4586.84;4;0.0;0;0.078;34.304;0.191;0.192;Q8;14623;Seq Scan;7;Outer;;4128;517;0;0;0.002585;0.0;5169.67;4;200000.0;0;Q8;14622;Hash;6;Inner;;0;517;517;0;1.0;5169.67;5169.67;4;0.0;0;0.133;39.296;0.0;0.0;Q8;14621;Index Scan;7;Inner;;112600;5;0;0;8.331646174982899e-07;0.43;0.83;24;6001215.0;0;Q8
Q8_20_seed_155876589;14632;Hash Join;5;Outer;;0;791;118013;559;1.1990431847605644e-05;9920.18;70271.65;20;0.0;0;81.288;1232.627;36.56;1187.984;40.232;40.232;Q8;14633;Nested Loop;6;Outer;;0;118013;29497;5;0.800169508763603;4743.52;64785.2;24;0.0;0;36.357;217.191;0.04;0.042;Q8;14637;Hash Join;9;Outer;;0;12500;62500;5;0.04;2.46;4586.84;4;0.0;0;0.188;33.124;0.221;0.221;Q8;14646;Seq Scan;7;Outer;;4128;559;0;0;0.002795;0.0;5169.67;4;200000.0;0;Q8;14645;Hash;6;Inner;;0;559;559;0;1.0;5169.67;5169.67;4;0.0;0;0.177;40.104;0.0;0.0;Q8;14644;Index Scan;7;Inner;;112600;5;0;0;8.331646174982899e-07;0.43;0.83;24;6001215.0;0;Q8
Q8_21_seed_164080620;14655;Hash Join;5;Outer;;0;786;118013;555;1.2000510250703028e-05;9920.13;70271.6;20;0.0;0;78.697;1209.853;38.148;1167.8;37.706;37.706;Q8;14656;Nested Loop;6;Outer;;0;118013;29497;5;0.800169508763603;4743.52;64785.2;24;0.0;0;37.98;211.462;0.04;0.042;Q8;14660;Hash Join;9;Outer;;0;12500;62500;5;0.04;2.46;4586.84;4;0.0;0;0.194;33.462;0.218;0.219;Q8;14669;Seq Scan;7;Outer;;4128;555;0;0;0.002775;0.0;5169.67;4;200000.0;0;Q8;14668;Hash;6;Inner;;0;555;555;0;1.0;5169.67;5169.67;4;0.0;0;0.11;37.634;0.0;0.0;Q8;14667;Index Scan;7;Inner;;112600;5;0;0;8.331646174982899e-07;0.43;0.83;24;6001215.0;0;Q8
Q8_23_seed_180488682;14701;Hash Join;5;Outer;;0;793;118013;560;1.1999283371928758e-05;9920.19;70271.67;20;0.0;0;80.325;1198.796;39.167;1156.439;37.866;37.866;Q8;14702;Nested Loop;6;Outer;;0;118013;29497;5;0.800169508763603;4743.52;64785.2;24;0.0;0;38.999;213.68;0.039;0.041;Q8;14706;Hash Join;9;Outer;;0;12500;62500;5;0.04;2.46;4586.84;4;0.0;0;0.021;35.371;0.378;0.378;Q8;14715;Seq Scan;7;Outer;;4128;560;0;0;0.0028;0.0;5169.67;4;200000.0;0;Q8;14714;Hash;6;Inner;;0;560;560;0;1.0;5169.67;5169.67;4;0.0;0;0.476;37.803;0.0;0.0;Q8;14713;Index Scan;7;Inner;;112600;5;0;0;8.331646174982899e-07;0.43;0.83;24;6001215.0;0;Q8
Q8_24_seed_188692713;14724;Hash Join;5;Outer;;0;769;118013;543;1.2000425898080118e-05;9919.98;70271.45;20;0.0;0;77.134;1235.515;35.532;1191.888;39.163;39.163;Q8;14725;Nested Loop;6;Outer;;0;118013;29497;5;0.800169508763603;4743.52;64785.2;24;0.0;0;35.309;218.735;0.041;0.042;Q8;14729;Hash Join;9;Outer;;0;12500;62500;5;0.04;2.46;4586.84;4;0.0;0;0.251;32.548;0.257;0.258;Q8;14738;Seq Scan;7;Outer;;4128;543;0;0;0.002715;0.0;5169.67;4;200000.0;0;Q8;14737;Hash;6;Inner;;0;543;543;0;1.0;5169.67;5169.67;4;0.0;0;0.067;39.055;0.0;0.0;Q8;14736;Index Scan;7;Inner;;112600;5;0;0;8.331646174982899e-07;0.43;0.83;24;6001215.0;0;Q8
Q8_25_seed_196896744;14747;Hash Join;5;Outer;;0;751;118013;530;1.2006991874416136e-05;9919.81;70271.29;20;0.0;0;81.681;1222.832;36.176;1178.971;37.001;37.001;Q8;14748;Nested Loop;6;Outer;;0;118013;29497;5;0.800169508763603;4743.52;64785.2;24;0.0;0;36.014;213.106;0.041;0.042;Q8;14752;Hash Join;9;Outer;;0;12500;62500;5;0.04;2.46;4586.84;4;0.0;0;0.217;33.203;0.08;0.08;Q8;14761;Seq Scan;7;Outer;;4128;530;0;0;0.00265;0.0;5169.67;4;200000.0;0;Q8;14760;Hash;6;Inner;;0;530;530;0;1.0;5169.67;5169.67;4;0.0;0;0.32;36.875;0.0;0.0;Q8;14759;Index Scan;7;Inner;;112600;5;0;0;8.331646174982899e-07;0.43;0.83;24;6001215.0;0;Q8
Q8_29_seed_229712868;14839;Hash Join;5;Outer;;0;788;118013;557;1.198784645351657e-05;9920.15;70271.63;20;0.0;0;67.557;1186.085;31.305;1147.872;33.584;33.584;Q8;14840;Nested Loop;6;Outer;;0;118013;29497;5;0.800169508763603;4743.52;64785.2;24;0.0;0;31.074;205.861;0.039;0.041;Q8;14844;Hash Join;9;Outer;;0;12500;62500;5;0.04;2.46;4586.84;4;0.0;0;0.399;28.529;0.089;0.089;Q8;14853;Seq Scan;7;Outer;;4128;557;0;0;0.002785;0.0;5169.67;4;200000.0;0;Q8;14852;Hash;6;Inner;;0;557;557;0;1.0;5169.67;5169.67;4;0.0;0;0.066;33.48;0.0;0.0;Q8;14851;Index Scan;7;Inner;;112600;5;0;0;8.331646174982899e-07;0.43;0.83;24;6001215.0;0;Q8
Q8_2_seed_8204031;14862;Hash Join;5;Outer;;0;762;118013;538;1.200170216267208e-05;9919.91;70271.39;20;0.0;0;80.041;1222.862;37.429;1178.013;40.445;40.445;Q8;14863;Nested Loop;6;Outer;;0;118013;29497;5;0.800169508763603;4743.52;64785.2;24;0.0;0;37.214;216.952;0.039;0.041;Q8;14867;Hash Join;9;Outer;;0;12500;62500;5;0.04;2.46;4586.84;4;0.0;0;0.072;34.562;0.225;0.226;Q8;14876;Seq Scan;7;Outer;;4128;538;0;0;0.00269;0.0;5169.67;4;200000.0;0;Q8;14875;Hash;6;Inner;;0;538;538;0;1.0;5169.67;5169.67;4;0.0;0;0.16;40.394;0.0;0.0;Q8;14874;Index Scan;7;Inner;;112600;5;0;0;8.331646174982899e-07;0.43;0.83;24;6001215.0;0;Q8
Q8_31_seed_246120930;14908;Hash Join;5;Outer;;0;725;118013;512;1.1998810512401175e-05;9919.59;70271.07;20;0.0;0;87.068;1206.84;39.608;1159.221;43.138;43.138;Q8;14909;Nested Loop;6;Outer;;0;118013;29497;5;0.800169508763603;4743.52;64785.2;24;0.0;0;39.112;216.817;0.039;0.041;Q8;14913;Hash Join;9;Outer;;0;12500;62500;5;0.04;2.46;4586.84;4;0.0;0;0.24;35.647;0.228;0.229;Q8;14922;Seq Scan;7;Outer;;4128;512;0;0;0.00256;0.0;5169.67;4;200000.0;0;Q8;14921;Hash;6;Inner;;0;512;512;0;1.0;5169.67;5169.67;4;0.0;0;0.411;43.028;0.0;0.0;Q8;14920;Index Scan;7;Inner;;112600;5;0;0;8.331646174982899e-07;0.43;0.83;24;6001215.0;0;Q8
Q8_32_seed_254324961;14931;Hash Join;5;Outer;;0;805;118013;568;1.2009300001921488e-05;9920.29;70271.77;20;0.0;0;76.952;1242.133;34.076;1195.981;40.229;40.23;Q8;14932;Nested Loop;6;Outer;;0;118013;29497;5;0.800169508763603;4743.52;64785.2;24;0.0;0;33.833;212.487;0.04;0.042;Q8;14936;Hash Join;9;Outer;;0;12500;62500;5;0.04;2.46;4586.84;4;0.0;0;0.014;31.532;0.082;0.083;Q8;14945;Seq Scan;7;Outer;;4128;568;0;0;0.00284;0.0;5169.67;4;200000.0;0;Q8;14944;Hash;6;Inner;;0;568;568;0;1.0;5169.67;5169.67;4;0.0;0;0.101;40.111;0.0;0.0;Q8;14943;Index Scan;7;Inner;;112600;5;0;0;8.331646174982899e-07;0.43;0.83;24;6001215.0;0;Q8
Q8_34_seed_270733023;14977;Hash Join;5;Outer;;0;782;118013;552;1.2004327206889636e-05;9920.09;70271.57;20;0.0;0;72.063;1168.89;34.547;1130.536;34.04;34.04;Q8;14978;Nested Loop;6;Outer;;0;118013;29497;5;0.800169508763603;4743.52;64785.2;24;0.0;0;34.298;207.293;0.038;0.041;Q8;14982;Hash Join;9;Outer;;0;12500;62500;5;0.04;2.46;4586.84;4;0.0;0;0.359;31.829;0.166;0.166;Q8;14991;Seq Scan;7;Outer;;4128;552;0;0;0.00276;0.0;5169.67;4;200000.0;0;Q8;14990;Hash;6;Inner;;0;552;552;0;1.0;5169.67;5169.67;4;0.0;0;0.142;33.978;0.0;0.0;Q8;14989;Index Scan;7;Inner;;112600;5;0;0;8.331646174982899e-07;0.43;0.83;24;6001215.0;0;Q8
Q8_36_seed_287141085;15023;Hash Join;5;Outer;;0;761;118013;537;1.200827210574172e-05;9919.9;70271.38;20;0.0;0;80.91;1241.755;34.512;1194.203;40.566;40.566;Q8;15024;Nested Loop;6;Outer;;0;118013;29497;5;0.800169508763603;4743.52;64785.2;24;0.0;0;34.31;215.007;0.041;0.043;Q8;15028;Hash Join;9;Outer;;0;12500;62500;5;0.04;2.46;4586.84;4;0.0;0;0.015;30.427;0.081;0.082;Q8;15037;Seq Scan;7;Outer;;4128;537;0;0;0.002685;0.0;5169.67;4;200000.0;0;Q8;15036;Hash;6;Inner;;0;537;537;0;1.0;5169.67;5169.67;4;0.0;0;0.403;40.446;0.0;0.0;Q8;15035;Index Scan;7;Inner;;112600;5;0;0;8.331646174982899e-07;0.43;0.83;24;6001215.0;0;Q8
Q8_38_seed_303549147;15069;Hash Join;5;Outer;;0;810;118013;572;1.1999389186648217e-05;9920.34;70271.82;20;0.0;0;77.781;1207.31;34.693;1163.96;38.483;38.483;Q8;15070;Nested Loop;6;Outer;;0;118013;29497;5;0.800169508763603;4743.52;64785.2;24;0.0;0;34.393;211.175;0.04;0.042;Q8;15074;Hash Join;9;Outer;;0;12500;62500;5;0.04;2.46;4586.84;4;0.0;0;0.171;31.624;0.104;0.104;Q8;15083;Seq Scan;7;Outer;;4128;572;0;0;0.00286;0.0;5169.67;4;200000.0;0;Q8;15082;Hash;6;Inner;;0;572;572;0;1.0;5169.67;5169.67;4;0.0;0;0.089;38.385;0.0;0.0;Q8;15081;Index Scan;7;Inner;;112600;5;0;0;8.331646174982899e-07;0.43;0.83;24;6001215.0;0;Q8
Q8_41_seed_328161240;15161;Hash Join;5;Outer;;0;830;118013;586;1.200191718335884e-05;9920.51;70271.99;20;0.0;0;81.355;1214.041;38.057;1168.072;41.478;41.478;Q8;15162;Nested Loop;6;Outer;;0;118013;29497;5;0.800169508763603;4743.52;64785.2;24;0.0;0;37.885;213.024;0.04;0.041;Q8;15166;Hash Join;9;Outer;;0;12500;62500;5;0.04;2.46;4586.84;4;0.0;0;0.168;34.341;0.238;0.239;Q8;15175;Seq Scan;7;Outer;;4128;586;0;0;0.00293;0.0;5169.67;4;200000.0;0;Q8;15174;Hash;6;Inner;;0;586;586;0;1.0;5169.67;5169.67;4;0.0;0;0.089;41.392;0.0;0.0;Q8;15173;Index Scan;7;Inner;;112600;5;0;0;8.331646174982899e-07;0.43;0.83;24;6001215.0;0;Q8
Q8_42_seed_336365271;15184;Hash Join;5;Outer;;0;793;118013;560;1.1999283371928758e-05;9920.19;70271.67;20;0.0;0;79.079;1246.53;37.237;1203.233;38.749;38.749;Q8;15185;Nested Loop;6;Outer;;0;118013;29497;5;0.800169508763603;4743.52;64785.2;24;0.0;0;37.004;217.488;0.041;0.043;Q8;15189;Hash Join;9;Outer;;0;12500;62500;5;0.04;2.46;4586.84;4;0.0;0;0.259;34.248;0.153;0.154;Q8;15198;Seq Scan;7;Outer;;4128;560;0;0;0.0028;0.0;5169.67;4;200000.0;0;Q8;15197;Hash;6;Inner;;0;560;560;0;1.0;5169.67;5169.67;4;0.0;0;0.124;38.653;0.0;0.0;Q8;15196;Index Scan;7;Inner;;112600;5;0;0;8.331646174982899e-07;0.43;0.83;24;6001215.0;0;Q8
Q8_43_seed_344569302;15207;Hash Join;5;Outer;;0;775;118013;547;1.2005618133570663e-05;9920.03;70271.5;20;0.0;0;75.754;1204.266;34.402;1161.039;38.671;38.672;Q8;15208;Nested Loop;6;Outer;;0;118013;29497;5;0.800169508763603;4743.52;64785.2;24;0.0;0;34.176;211.065;0.039;0.042;Q8;15212;Hash Join;9;Outer;;0;12500;62500;5;0.04;2.46;4586.84;4;0.0;0;0.169;31.698;0.22;0.22;Q8;15221;Seq Scan;7;Outer;;4128;547;0;0;0.002735;0.0;5169.67;4;200000.0;0;Q8;15220;Hash;6;Inner;;0;547;547;0;1.0;5169.67;5169.67;4;0.0;0;0.134;38.582;0.0;0.0;Q8;15219;Index Scan;7;Inner;;112600;5;0;0;8.331646174982899e-07;0.43;0.83;24;6001215.0;0;Q8
Q8_44_seed_352773333;15230;Hash Join;5;Outer;;0;782;118013;552;1.2004327206889636e-05;9920.09;70271.57;20;0.0;0;77.686;1215.429;33.777;1171.708;39.284;39.284;Q8;15231;Nested Loop;6;Outer;;0;118013;29497;5;0.800169508763603;4743.52;64785.2;24;0.0;0;33.589;210.89;0.04;0.042;Q8;15235;Hash Join;9;Outer;;0;12500;62500;5;0.04;2.46;4586.84;4;0.0;0;0.318;30.186;0.085;0.085;Q8;15244;Seq Scan;7;Outer;;4128;552;0;0;0.00276;0.0;5169.67;4;200000.0;0;Q8;15243;Hash;6;Inner;;0;552;552;0;1.0;5169.67;5169.67;4;0.0;0;0.085;39.2;0.0;0.0;Q8;15242;Index Scan;7;Inner;;112600;5;0;0;8.331646174982899e-07;0.43;0.83;24;6001215.0;0;Q8
Q8_46_seed_369181395;15276;Hash Join;5;Outer;;0;769;118013;543;1.2000425898080118e-05;9919.98;70271.45;20;0.0;0;82.43;1204.814;37.106;1161.886;38.092;38.092;Q8;15277;Nested Loop;6;Outer;;0;118013;29497;5;0.800169508763603;4743.52;64785.2;24;0.0;0;36.872;217.433;0.039;0.041;Q8;15281;Hash Join;9;Outer;;0;12500;62500;5;0.04;2.46;4586.84;4;0.0;0;0.192;34.339;0.097;0.097;Q8;15290;Seq Scan;7;Outer;;4128;543;0;0;0.002715;0.0;5169.67;4;200000.0;0;Q8;15289;Hash;6;Inner;;0;543;543;0;1.0;5169.67;5169.67;4;0.0;0;0.12;37.976;0.0;0.0;Q8;15288;Index Scan;7;Inner;;112600;5;0;0;8.331646174982899e-07;0.43;0.83;24;6001215.0;0;Q8
Q8_47_seed_377385426;15299;Hash Join;5;Outer;;0;772;118013;545;1.2003031542862987e-05;9920.0;70271.48;20;0.0;0;72.645;1208.811;32.593;1170.592;33.836;33.836;Q8;15300;Nested Loop;6;Outer;;0;118013;29497;5;0.800169508763603;4743.52;64785.2;24;0.0;0;32.323;208.176;0.04;0.042;Q8;15304;Hash Join;9;Outer;;0;12500;62500;5;0.04;2.46;4586.84;4;0.0;0;0.225;29.834;0.249;0.251;Q8;15313;Seq Scan;7;Outer;;4128;545;0;0;0.002725;0.0;5169.67;4;200000.0;0;Q8;15312;Hash;6;Inner;;0;545;545;0;1.0;5169.67;5169.67;4;0.0;0;0.474;33.768;0.0;0.0;Q8;15311;Index Scan;7;Inner;;112600;5;0;0;8.331646174982899e-07;0.43;0.83;24;6001215.0;0;Q8
Q8_49_seed_393793488;15345;Hash Join;5;Outer;;0;756;118013;534;1.1996393084479266e-05;9919.86;70271.34;20;0.0;0;86.18;1215.615;39.343;1170.228;40.696;40.696;Q8;15346;Nested Loop;6;Outer;;0;118013;29497;5;0.800169508763603;4743.52;64785.2;24;0.0;0;39.115;213.568;0.04;0.042;Q8;15350;Hash Join;9;Outer;;0;12500;62500;5;0.04;2.46;4586.84;4;0.0;0;0.018;35.975;0.219;0.219;Q8;15359;Seq Scan;7;Outer;;4128;534;0;0;0.00267;0.0;5169.67;4;200000.0;0;Q8;15358;Hash;6;Inner;;0;534;534;0;1.0;5169.67;5169.67;4;0.0;0;0.53;40.649;0.0;0.0;Q8;15357;Index Scan;7;Inner;;112600;5;0;0;8.331646174982899e-07;0.43;0.83;24;6001215.0;0;Q8
Q8_4_seed_24612093;15368;Hash Join;5;Outer;;0;827;118013;584;1.199949065281756e-05;9920.49;70271.97;20;0.0;0;81.577;1222.978;36.454;1178.252;38.721;38.721;Q8;15369;Nested Loop;6;Outer;;0;118013;29497;5;0.800169508763603;4743.52;64785.2;24;0.0;0;36.196;214.289;0.039;0.041;Q8;15373;Hash Join;9;Outer;;0;12500;62500;5;0.04;2.46;4586.84;4;0.0;0;0.015;33.949;0.085;0.086;Q8;15382;Seq Scan;7;Outer;;4128;584;0;0;0.00292;0.0;5169.67;4;200000.0;0;Q8;15381;Hash;6;Inner;;0;584;584;0;1.0;5169.67;5169.67;4;0.0;0;0.986;38.625;0.0;0.0;Q8;15380;Index Scan;7;Inner;;112600;5;0;0;8.331646174982899e-07;0.43;0.83;24;6001215.0;0;Q8
Q8_50_seed_401997519;15391;Hash Join;5;Outer;;0;814;118013;575;1.1995730757738923e-05;9920.38;70271.85;20;0.0;0;82.134;1209.792;34.616;1164.719;40.616;40.616;Q8;15392;Nested Loop;6;Outer;;0;118013;29497;5;0.800169508763603;4743.52;64785.2;24;0.0;0;34.383;211.403;0.04;0.042;Q8;15396;Hash Join;9;Outer;;0;12500;62500;5;0.04;2.46;4586.84;4;0.0;0;0.344;31.587;0.2;0.201;Q8;15405;Seq Scan;7;Outer;;4128;575;0;0;0.002875;0.0;5169.67;4;200000.0;0;Q8;15404;Hash;6;Inner;;0;575;575;0;1.0;5169.67;5169.67;4;0.0;0;0.497;40.517;0.0;0.0;Q8;15403;Index Scan;7;Inner;;112600;5;0;0;8.331646174982899e-07;0.43;0.83;24;6001215.0;0;Q8
Q8_51_seed_410201550;15414;Hash Join;5;Outer;;0;838;118013;592;1.199478481642311e-05;9920.59;70272.07;20;0.0;0;78.98;1205.229;33.187;1158.504;42.158;42.158;Q8;15415;Nested Loop;6;Outer;;0;118013;29497;5;0.800169508763603;4743.52;64785.2;24;0.0;0;31.765;207.496;0.039;0.041;Q8;15419;Hash Join;9;Outer;;0;12500;62500;5;0.04;2.46;4586.84;4;0.0;0;0.181;28.11;0.207;0.208;Q8;15428;Seq Scan;7;Outer;;4128;592;0;0;0.00296;0.0;5169.67;4;200000.0;0;Q8;15427;Hash;6;Inner;;0;592;592;0;1.0;5169.67;5169.67;4;0.0;0;0.475;42.09;0.0;0.0;Q8;15426;Index Scan;7;Inner;;112600;5;0;0;8.331646174982899e-07;0.43;0.83;24;6001215.0;0;Q8
Q8_52_seed_418405581;15437;Hash Join;5;Outer;;0;790;118013;558;1.1996734337056056e-05;9920.16;70271.64;20;0.0;0;77.984;1224.37;37.18;1180.552;39.181;39.181;Q8;15438;Nested Loop;6;Outer;;0;118013;29497;5;0.800169508763603;4743.52;64785.2;24;0.0;0;37.005;214.861;0.04;0.042;Q8;15442;Hash Join;9;Outer;;0;12500;62500;5;0.04;2.46;4586.84;4;0.0;0;0.206;34.332;0.221;0.222;Q8;15451;Seq Scan;7;Outer;;4128;558;0;0;0.00279;0.0;5169.67;4;200000.0;0;Q8;15450;Hash;6;Inner;;0;558;558;0;1.0;5169.67;5169.67;4;0.0;0;0.382;39.045;0.0;0.0;Q8;15449;Index Scan;7;Inner;;112600;5;0;0;8.331646174982899e-07;0.43;0.83;24;6001215.0;0;Q8
Q8_53_seed_426609612;15460;Hash Join;5;Outer;;0;803;118013;567;1.200059103284454e-05;9920.28;70271.75;20;0.0;0;81.178;1190.683;38.912;1147.029;39.048;39.048;Q8;15461;Nested Loop;6;Outer;;0;118013;29497;5;0.800169508763603;4743.52;64785.2;24;0.0;0;38.408;214.869;0.039;0.041;Q8;15465;Hash Join;9;Outer;;0;12500;62500;5;0.04;2.46;4586.84;4;0.0;0;0.073;35.423;0.223;0.224;Q8;15474;Seq Scan;7;Outer;;4128;567;0;0;0.002835;0.0;5169.67;4;200000.0;0;Q8;15473;Hash;6;Inner;;0;567;567;0;1.0;5169.67;5169.67;4;0.0;0;0.388;38.897;0.0;0.0;Q8;15472;Index Scan;7;Inner;;112600;5;0;0;8.331646174982899e-07;0.43;0.83;24;6001215.0;0;Q8
Q8_54_seed_434813643;15483;Hash Join;5;Outer;;0;810;118013;572;1.1999389186648217e-05;9920.34;70271.82;20;0.0;0;82.964;1236.041;37.409;1190.49;41.012;41.012;Q8;15484;Nested Loop;6;Outer;;0;118013;29497;5;0.800169508763603;4743.52;64785.2;24;0.0;0;36.968;216.894;0.04;0.042;Q8;15488;Hash Join;9;Outer;;0;12500;62500;5;0.04;2.46;4586.84;4;0.0;0;0.07;33.38;0.24;0.24;Q8;15497;Seq Scan;7;Outer;;4128;572;0;0;0.00286;0.0;5169.67;4;200000.0;0;Q8;15496;Hash;6;Inner;;0;572;572;0;1.0;5169.67;5169.67;4;0.0;0;0.258;40.96;0.0;0.0;Q8;15495;Index Scan;7;Inner;;112600;5;0;0;8.331646174982899e-07;0.43;0.83;24;6001215.0;0;Q8
Q8_55_seed_443017674;15506;Hash Join;5;Outer;;0;750;118013;530;1.1991003869257127e-05;9919.81;70271.29;20;0.0;0;78.635;1256.431;36.697;1212.325;39.805;39.805;Q8;15507;Nested Loop;6;Outer;;0;118013;29497;5;0.800169508763603;4743.52;64785.2;24;0.0;0;36.441;216.013;0.041;0.043;Q8;15511;Hash Join;9;Outer;;0;12500;62500;5;0.04;2.46;4586.84;4;0.0;0;0.082;33.832;0.444;0.444;Q8;15520;Seq Scan;7;Outer;;4128;530;0;0;0.00265;0.0;5169.67;4;200000.0;0;Q8;15519;Hash;6;Inner;;0;530;530;0;1.0;5169.67;5169.67;4;0.0;0;0.164;39.698;0.0;0.0;Q8;15518;Index Scan;7;Inner;;112600;5;0;0;8.331646174982899e-07;0.43;0.83;24;6001215.0;0;Q8
Q8_56_seed_451221705;15529;Hash Join;5;Outer;;0;753;118013;532;1.1993708606972e-05;9919.84;70271.32;20;0.0;0;82.178;1205.494;38.546;1161.667;39.591;39.591;Q8;15530;Nested Loop;6;Outer;;0;118013;29497;5;0.800169508763603;4743.52;64785.2;24;0.0;0;37.659;212.872;0.04;0.042;Q8;15534;Hash Join;9;Outer;;0;12500;62500;5;0.04;2.46;4586.84;4;0.0;0;0.138;34.092;0.179;0.18;Q8;15543;Seq Scan;7;Outer;;4128;532;0;0;0.00266;0.0;5169.67;4;200000.0;0;Q8;15542;Hash;6;Inner;;0;532;532;0;1.0;5169.67;5169.67;4;0.0;0;0.08;39.516;0.0;0.0;Q8;15541;Index Scan;7;Inner;;112600;5;0;0;8.331646174982899e-07;0.43;0.83;24;6001215.0;0;Q8
Q8_57_seed_459425736;15552;Hash Join;5;Outer;;0;790;118013;558;1.1996734337056056e-05;9920.16;70271.64;20;0.0;0;83.169;1202.568;39.704;1157.005;41.159;41.159;Q8;15553;Nested Loop;6;Outer;;0;118013;29497;5;0.800169508763603;4743.52;64785.2;24;0.0;0;38.559;216.136;0.039;0.041;Q8;15557;Hash Join;9;Outer;;0;12500;62500;5;0.04;2.46;4586.84;4;0.0;0;0.167;34.814;0.183;0.184;Q8;15566;Seq Scan;7;Outer;;4128;558;0;0;0.00279;0.0;5169.67;4;200000.0;0;Q8;15565;Hash;6;Inner;;0;558;558;0;1.0;5169.67;5169.67;4;0.0;0;0.09;41.044;0.0;0.0;Q8;15564;Index Scan;7;Inner;;112600;5;0;0;8.331646174982899e-07;0.43;0.83;24;6001215.0;0;Q8
Q8_58_seed_467629767;15575;Hash Join;5;Outer;;0;776;118013;548;1.199917292298801e-05;9920.04;70271.52;20;0.0;0;87.049;1196.549;44.139;1152.781;39.472;39.473;Q8;15576;Nested Loop;6;Outer;;0;118013;29497;5;0.800169508763603;4743.52;64785.2;24;0.0;0;43.912;223.435;0.038;0.041;Q8;15580;Hash Join;9;Outer;;0;12500;62500;5;0.04;2.46;4586.84;4;0.0;0;0.018;41.174;0.259;0.26;Q8;15589;Seq Scan;7;Outer;;4128;548;0;0;0.00274;0.0;5169.67;4;200000.0;0;Q8;15588;Hash;6;Inner;;0;548;548;0;1.0;5169.67;5169.67;4;0.0;0;0.422;39.407;0.0;0.0;Q8;15587;Index Scan;7;Inner;;112600;5;0;0;8.331646174982899e-07;0.43;0.83;24;6001215.0;0;Q8
Q8_5_seed_32816124;15621;Hash Join;5;Outer;;0;796;118013;562;1.2001814264204502e-05;9920.21;70271.69;20;0.0;0;83.379;1226.741;39.592;1183.599;38.676;38.676;Q8;15622;Nested Loop;6;Outer;;0;118013;29497;5;0.800169508763603;4743.52;64785.2;24;0.0;0;39.263;216.569;0.04;0.042;Q8;15626;Hash Join;9;Outer;;0;12500;62500;5;0.04;2.46;4586.84;4;0.0;0;0.019;36.116;0.233;0.233;Q8;15635;Seq Scan;7;Outer;;4128;562;0;0;0.00281;0.0;5169.67;4;200000.0;0;Q8;15634;Hash;6;Inner;;0;562;562;0;1.0;5169.67;5169.67;4;0.0;0;0.355;38.628;0.0;0.0;Q8;15633;Index Scan;7;Inner;;112600;5;0;0;8.331646174982899e-07;0.43;0.83;24;6001215.0;0;Q8
Q8_60_seed_484037829;15644;Hash Join;5;Outer;;0;757;118013;535;1.1989808504385428e-05;9919.88;70271.35;20;0.0;0;84.122;1205.152;38.158;1161.145;39.731;39.732;Q8;15645;Nested Loop;6;Outer;;0;118013;29497;5;0.800169508763603;4743.52;64785.2;24;0.0;0;37.897;214.506;0.04;0.042;Q8;15649;Hash Join;9;Outer;;0;12500;62500;5;0.04;2.46;4586.84;4;0.0;0;0.189;35.417;0.199;0.199;Q8;15658;Seq Scan;7;Outer;;4128;535;0;0;0.002675;0.0;5169.67;4;200000.0;0;Q8;15657;Hash;6;Inner;;0;535;535;0;1.0;5169.67;5169.67;4;0.0;0;0.346;39.666;0.0;0.0;Q8;15656;Index Scan;7;Inner;;112600;5;0;0;8.331646174982899e-07;0.43;0.83;24;6001215.0;0;Q8
Q8_61_seed_492241860;15667;Hash Join;5;Outer;;0;817;118013;577;1.19982081696754e-05;9920.4;70271.88;20;0.0;0;84.269;1199.064;41.307;1154.191;40.314;40.314;Q8;15668;Nested Loop;6;Outer;;0;118013;29497;5;0.800169508763603;4743.52;64785.2;24;0.0;0;40.137;215.19;0.038;0.04;Q8;15672;Hash Join;9;Outer;;0;12500;62500;5;0.04;2.46;4586.84;4;0.0;0;0.241;36.175;0.211;0.212;Q8;15681;Seq Scan;7;Outer;;4128;577;0;0;0.002885;0.0;5169.67;4;200000.0;0;Q8;15680;Hash;6;Inner;;0;577;577;0;1.0;5169.67;5169.67;4;0.0;0;0.161;40.202;0.0;0.0;Q8;15679;Index Scan;7;Inner;;112600;5;0;0;8.331646174982899e-07;0.43;0.83;24;6001215.0;0;Q8
Q8_66_seed_533262015;15782;Hash Join;5;Outer;;0;801;118013;565;1.201307580558284e-05;9920.25;70271.73;20;0.0;0;76.392;1213.177;35.221;1170.428;37.649;37.65;Q8;15783;Nested Loop;6;Outer;;0;118013;29497;5;0.800169508763603;4743.52;64785.2;24;0.0;0;34.996;212.533;0.04;0.042;Q8;15787;Hash Join;9;Outer;;0;12500;62500;5;0.04;2.46;4586.84;4;0.0;0;0.146;31.095;0.104;0.104;Q8;15796;Seq Scan;7;Outer;;4128;565;0;0;0.002825;0.0;5169.67;4;200000.0;0;Q8;15795;Hash;6;Inner;;0;565;565;0;1.0;5169.67;5169.67;4;0.0;0;0.454;37.538;0.0;0.0;Q8;15794;Index Scan;7;Inner;;112600;5;0;0;8.331646174982899e-07;0.43;0.83;24;6001215.0;0;Q8
Q8_68_seed_549670077;15828;Hash Join;5;Outer;;0;798;118013;563;1.2010598404887176e-05;9920.23;70271.7;20;0.0;0;83.754;1209.335;37.157;1162.25;42.629;42.629;Q8;15829;Nested Loop;6;Outer;;0;118013;29497;5;0.800169508763603;4743.52;64785.2;24;0.0;0;36.896;214.056;0.039;0.041;Q8;15833;Hash Join;9;Outer;;0;12500;62500;5;0.04;2.46;4586.84;4;0.0;0;0.078;34.362;0.218;0.218;Q8;15842;Seq Scan;7;Outer;;4128;563;0;0;0.002815;0.0;5169.67;4;200000.0;0;Q8;15841;Hash;6;Inner;;0;563;563;0;1.0;5169.67;5169.67;4;0.0;0;0.135;42.569;0.0;0.0;Q8;15840;Index Scan;7;Inner;;112600;5;0;0;8.331646174982899e-07;0.43;0.83;24;6001215.0;0;Q8
Q8_69_seed_557874108;15851;Hash Join;5;Outer;;0;814;118013;575;1.1995730757738923e-05;9920.38;70271.85;20;0.0;0;68.493;1197.61;33.201;1159.512;33.167;33.167;Q8;15852;Nested Loop;6;Outer;;0;118013;29497;5;0.800169508763603;4743.52;64785.2;24;0.0;0;32.99;204.567;0.04;0.042;Q8;15856;Hash Join;9;Outer;;0;12500;62500;5;0.04;2.46;4586.84;4;0.0;0;0.626;30.265;0.079;0.079;Q8;15865;Seq Scan;7;Outer;;4128;575;0;0;0.002875;0.0;5169.67;4;200000.0;0;Q8;15864;Hash;6;Inner;;0;575;575;0;1.0;5169.67;5169.67;4;0.0;0;0.406;33.02;0.0;0.0;Q8;15863;Index Scan;7;Inner;;112600;5;0;0;8.331646174982899e-07;0.43;0.83;24;6001215.0;0;Q8
Q8_6_seed_41020155;15874;Hash Join;5;Outer;;0;749;118013;529;1.199765294512666e-05;9919.8;70271.28;20;0.0;0;86.329;1223.243;38.734;1175.64;42.817;42.817;Q8;15875;Nested Loop;6;Outer;;0;118013;29497;5;0.800169508763603;4743.52;64785.2;24;0.0;0;37.645;214.492;0.04;0.042;Q8;15879;Hash Join;9;Outer;;0;12500;62500;5;0.04;2.46;4586.84;4;0.0;0;0.18;34.001;0.164;0.164;Q8;15888;Seq Scan;7;Outer;;4128;529;0;0;0.002645;0.0;5169.67;4;200000.0;0;Q8;15887;Hash;6;Inner;;0;529;529;0;1.0;5169.67;5169.67;4;0.0;0;1.148;42.707;0.0;0.0;Q8;15886;Index Scan;7;Inner;;112600;5;0;0;8.331646174982899e-07;0.43;0.83;24;6001215.0;0;Q8
Q8_70_seed_566078139;15897;Hash Join;5;Outer;;0;814;118013;575;1.1995730757738923e-05;9920.38;70271.85;20;0.0;0;76.648;1215.972;35.505;1174.797;36.63;36.63;Q8;15898;Nested Loop;6;Outer;;0;118013;29497;5;0.800169508763603;4743.52;64785.2;24;0.0;0;35.151;213.333;0.039;0.041;Q8;15902;Hash Join;9;Outer;;0;12500;62500;5;0.04;2.46;4586.84;4;0.0;0;0.198;32.333;0.327;0.328;Q8;15911;Seq Scan;7;Outer;;4128;575;0;0;0.002875;0.0;5169.67;4;200000.0;0;Q8;15910;Hash;6;Inner;;0;575;575;0;1.0;5169.67;5169.67;4;0.0;0;0.259;36.561;0.0;0.0;Q8;15909;Index Scan;7;Inner;;112600;5;0;0;8.331646174982899e-07;0.43;0.83;24;6001215.0;0;Q8
Q8_72_seed_582486201;15943;Hash Join;5;Outer;;0;810;118013;572;1.1999389186648217e-05;9920.34;70271.82;20;0.0;0;80.862;1208.954;35.331;1162.878;39.735;39.736;Q8;15944;Nested Loop;6;Outer;;0;118013;29497;5;0.800169508763603;4743.52;64785.2;24;0.0;0;35.102;209.949;0.039;0.041;Q8;15948;Hash Join;9;Outer;;0;12500;62500;5;0.04;2.46;4586.84;4;0.0;0;0.16;30.93;0.087;0.088;Q8;15957;Seq Scan;7;Outer;;4128;572;0;0;0.00286;0.0;5169.67;4;200000.0;0;Q8;15956;Hash;6;Inner;;0;572;572;0;1.0;5169.67;5169.67;4;0.0;0;0.362;39.639;0.0;0.0;Q8;15955;Index Scan;7;Inner;;112600;5;0;0;8.331646174982899e-07;0.43;0.83;24;6001215.0;0;Q8
Q8_73_seed_590690232;15966;Hash Join;5;Outer;;0;790;118013;558;1.1996734337056056e-05;9920.16;70271.64;20;0.0;0;82.21;1202.975;36.337;1157.477;40.994;40.994;Q8;15967;Nested Loop;6;Outer;;0;118013;29497;5;0.800169508763603;4743.52;64785.2;24;0.0;0;36.086;215.809;0.039;0.041;Q8;15971;Hash Join;9;Outer;;0;12500;62500;5;0.04;2.46;4586.84;4;0.0;0;0.072;33.633;0.163;0.164;Q8;15980;Seq Scan;7;Outer;;4128;558;0;0;0.00279;0.0;5169.67;4;200000.0;0;Q8;15979;Hash;6;Inner;;0;558;558;0;1.0;5169.67;5169.67;4;0.0;0;0.056;40.884;0.0;0.0;Q8;15978;Index Scan;7;Inner;;112600;5;0;0;8.331646174982899e-07;0.43;0.83;24;6001215.0;0;Q8
Q8_74_seed_598894263;15989;Hash Join;5;Outer;;0;800;118013;565;1.1998078207823062e-05;9920.25;70271.73;20;0.0;0;81.007;1190.174;36.222;1142.555;43.021;43.021;Q8;15990;Nested Loop;6;Outer;;0;118013;29497;5;0.800169508763603;4743.52;64785.2;24;0.0;0;36.047;221.02;0.038;0.04;Q8;15994;Hash Join;9;Outer;;0;12500;62500;5;0.04;2.46;4586.84;4;0.0;0;0.173;32.958;0.156;0.157;Q8;16003;Seq Scan;7;Outer;;4128;565;0;0;0.002825;0.0;5169.67;4;200000.0;0;Q8;16002;Hash;6;Inner;;0;565;565;0;1.0;5169.67;5169.67;4;0.0;0;0.078;42.912;0.0;0.0;Q8;16001;Index Scan;7;Inner;;112600;5;0;0;8.331646174982899e-07;0.43;0.83;24;6001215.0;0;Q8
Q8_75_seed_607098294;16012;Hash Join;5;Outer;;0;748;118013;528;1.2004327206889636e-05;9919.79;70271.27;20;0.0;0;72.805;1200.287;32.284;1158.557;37.253;37.253;Q8;16013;Nested Loop;6;Outer;;0;118013;29497;5;0.800169508763603;4743.52;64785.2;24;0.0;0;32.036;205.912;0.039;0.042;Q8;16017;Hash Join;9;Outer;;0;12500;62500;5;0.04;2.46;4586.84;4;0.0;0;0.164;29.438;0.166;0.167;Q8;16026;Seq Scan;7;Outer;;4128;528;0;0;0.00264;0.0;5169.67;4;200000.0;0;Q8;16025;Hash;6;Inner;;0;528;528;0;1.0;5169.67;5169.67;4;0.0;0;0.363;37.157;0.0;0.0;Q8;16024;Index Scan;7;Inner;;112600;5;0;0;8.331646174982899e-07;0.43;0.83;24;6001215.0;0;Q8
Q8_76_seed_615302325;16035;Hash Join;5;Outer;;0;769;118013;543;1.2000425898080118e-05;9919.98;70271.45;20;0.0;0;84.426;1236.051;39.553;1189.77;41.676;41.676;Q8;16036;Nested Loop;6;Outer;;0;118013;29497;5;0.800169508763603;4743.52;64785.2;24;0.0;0;39.312;218.567;0.04;0.042;Q8;16040;Hash Join;9;Outer;;0;12500;62500;5;0.04;2.46;4586.84;4;0.0;0;1.329;35.948;0.135;0.136;Q8;16049;Seq Scan;7;Outer;;4128;543;0;0;0.002715;0.0;5169.67;4;200000.0;0;Q8;16048;Hash;6;Inner;;0;543;543;0;1.0;5169.67;5169.67;4;0.0;0;0.108;41.579;0.0;0.0;Q8;16047;Index Scan;7;Inner;;112600;5;0;0;8.331646174982899e-07;0.43;0.83;24;6001215.0;0;Q8
Q8_77_seed_623506356;16058;Hash Join;5;Outer;;0;781;118013;552;1.198897640483479e-05;9920.09;70271.57;20;0.0;0;89.94;1223.175;37.456;1171.421;46.115;46.115;Q8;16059;Nested Loop;6;Outer;;0;118013;29497;5;0.800169508763603;4743.52;64785.2;24;0.0;0;37.233;216.198;0.039;0.042;Q8;16063;Hash Join;9;Outer;;0;12500;62500;5;0.04;2.46;4586.84;4;0.0;0;0.016;34.993;0.074;0.075;Q8;16072;Seq Scan;7;Outer;;4128;552;0;0;0.00276;0.0;5169.67;4;200000.0;0;Q8;16071;Hash;6;Inner;;0;552;552;0;1.0;5169.67;5169.67;4;0.0;0;0.51;45.956;0.0;0.0;Q8;16070;Index Scan;7;Inner;;112600;5;0;0;8.331646174982899e-07;0.43;0.83;24;6001215.0;0;Q8
Q8_78_seed_631710387;16081;Hash Join;5;Outer;;0;809;118013;571;1.200556387395535e-05;9920.33;70271.8;20;0.0;0;80.069;1222.919;36.112;1176.564;41.994;41.995;Q8;16082;Nested Loop;6;Outer;;0;118013;29497;5;0.800169508763603;4743.52;64785.2;24;0.0;0;35.877;212.192;0.04;0.042;Q8;16086;Hash Join;9;Outer;;0;12500;62500;5;0.04;2.46;4586.84;4;0.0;0;0.169;33.363;0.166;0.167;Q8;16095;Seq Scan;7;Outer;;4128;571;0;0;0.002855;0.0;5169.67;4;200000.0;0;Q8;16094;Hash;6;Inner;;0;571;571;0;1.0;5169.67;5169.67;4;0.0;0;0.185;41.895;0.0;0.0;Q8;16093;Index Scan;7;Inner;;112600;5;0;0;8.331646174982899e-07;0.43;0.83;24;6001215.0;0;Q8
Q8_79_seed_639914418;16104;Hash Join;5;Outer;;0;807;118013;570;1.199689418694729e-05;9920.31;70271.79;20;0.0;0;80.0;1188.881;34.037;1142.777;41.826;41.826;Q8;16105;Nested Loop;6;Outer;;0;118013;29497;5;0.800169508763603;4743.52;64785.2;24;0.0;0;33.797;207.091;0.039;0.041;Q8;16109;Hash Join;9;Outer;;0;12500;62500;5;0.04;2.46;4586.84;4;0.0;0;0.272;31.365;0.227;0.228;Q8;16118;Seq Scan;7;Outer;;4128;570;0;0;0.00285;0.0;5169.67;4;200000.0;0;Q8;16117;Hash;6;Inner;;0;570;570;0;1.0;5169.67;5169.67;4;0.0;0;0.17;41.643;0.0;0.0;Q8;16116;Index Scan;7;Inner;;112600;5;0;0;8.331646174982899e-07;0.43;0.83;24;6001215.0;0;Q8
Q8_82_seed_664526511;16196;Hash Join;5;Outer;;0;755;118013;533;1.200300237219072e-05;9919.85;70271.33;20;0.0;0;83.535;1207.327;40.053;1163.216;38.587;38.587;Q8;16197;Nested Loop;6;Outer;;0;118013;29497;5;0.800169508763603;4743.52;64785.2;24;0.0;0;38.506;213.716;0.039;0.041;Q8;16201;Hash Join;9;Outer;;0;12500;62500;5;0.04;2.46;4586.84;4;0.0;0;0.013;35.132;0.085;0.085;Q8;16210;Seq Scan;7;Outer;;4128;533;0;0;0.002665;0.0;5169.67;4;200000.0;0;Q8;16209;Hash;6;Inner;;0;533;533;0;1.0;5169.67;5169.67;4;0.0;0;0.156;38.495;0.0;0.0;Q8;16208;Index Scan;7;Inner;;112600;5;0;0;8.331646174982899e-07;0.43;0.83;24;6001215.0;0;Q8
Q8_85_seed_689138604;16265;Hash Join;5;Outer;;0;766;118013;541;1.199780098790144e-05;9919.95;70271.43;20;0.0;0;84.72;1228.636;40.749;1184.395;39.708;39.708;Q8;16266;Nested Loop;6;Outer;;0;118013;29497;5;0.800169508763603;4743.52;64785.2;24;0.0;0;40.587;218.497;0.04;0.042;Q8;16270;Hash Join;9;Outer;;0;12500;62500;5;0.04;2.46;4586.84;4;0.0;0;0.7;36.218;0.156;0.157;Q8;16279;Seq Scan;7;Outer;;4128;541;0;0;0.002705;0.0;5169.67;4;200000.0;0;Q8;16278;Hash;6;Inner;;0;541;541;0;1.0;5169.67;5169.67;4;0.0;0;0.268;39.606;0.0;0.0;Q8;16277;Index Scan;7;Inner;;112600;5;0;0;8.331646174982899e-07;0.43;0.83;24;6001215.0;0;Q8
Q8_87_seed_705546666;16311;Hash Join;5;Outer;;0;783;118013;553;1.1997942605673336e-05;9920.1;70271.58;20;0.0;0;84.124;1223.329;36.794;1176.094;42.87;42.87;Q8;16312;Nested Loop;6;Outer;;0;118013;29497;5;0.800169508763603;4743.52;64785.2;24;0.0;0;36.622;212.232;0.039;0.042;Q8;16316;Hash Join;9;Outer;;0;12500;62500;5;0.04;2.46;4586.84;4;0.0;0;0.366;33.172;0.276;0.277;Q8;16325;Seq Scan;7;Outer;;4128;553;0;0;0.002765;0.0;5169.67;4;200000.0;0;Q8;16324;Hash;6;Inner;;0;553;553;0;1.0;5169.67;5169.67;4;0.0;0;0.415;42.807;0.0;0.0;Q8;16323;Index Scan;7;Inner;;112600;5;0;0;8.331646174982899e-07;0.43;0.83;24;6001215.0;0;Q8
Q8_89_seed_721954728;16357;Hash Join;5;Outer;;0;800;118013;565;1.1998078207823062e-05;9920.25;70271.73;20;0.0;0;73.044;1193.586;33.478;1151.283;35.327;35.327;Q8;16358;Nested Loop;6;Outer;;0;118013;29497;5;0.800169508763603;4743.52;64785.2;24;0.0;0;32.58;210.466;0.038;0.04;Q8;16362;Hash Join;9;Outer;;0;12500;62500;5;0.04;2.46;4586.84;4;0.0;0;0.158;29.699;0.079;0.08;Q8;16371;Seq Scan;7;Outer;;4128;565;0;0;0.002825;0.0;5169.67;4;200000.0;0;Q8;16370;Hash;6;Inner;;0;565;565;0;1.0;5169.67;5169.67;4;0.0;0;0.141;35.167;0.0;0.0;Q8;16369;Index Scan;7;Inner;;112600;5;0;0;8.331646174982899e-07;0.43;0.83;24;6001215.0;0;Q8
Q8_8_seed_57428217;16380;Hash Join;5;Outer;;0;783;118013;553;1.1997942605673336e-05;9920.1;70271.58;20;0.0;0;83.82;1219.711;38.736;1173.952;41.259;41.26;Q8;16381;Nested Loop;6;Outer;;0;118013;29497;5;0.800169508763603;4743.52;64785.2;24;0.0;0;38.561;213.596;0.04;0.042;Q8;16385;Hash Join;9;Outer;;0;12500;62500;5;0.04;2.46;4586.84;4;0.0;0;0.023;35.087;0.232;0.232;Q8;16394;Seq Scan;7;Outer;;4128;553;0;0;0.002765;0.0;5169.67;4;200000.0;0;Q8;16393;Hash;6;Inner;;0;553;553;0;1.0;5169.67;5169.67;4;0.0;0;0.525;41.189;0.0;0.0;Q8;16392;Index Scan;7;Inner;;112600;5;0;0;8.331646174982899e-07;0.43;0.83;24;6001215.0;0;Q8
Q8_90_seed_730158759;16403;Hash Join;5;Outer;;0;793;118013;560;1.1999283371928758e-05;9920.19;70271.67;20;0.0;0;81.939;1201.188;33.493;1154.601;42.162;42.162;Q8;16404;Nested Loop;6;Outer;;0;118013;29497;5;0.800169508763603;4743.52;64785.2;24;0.0;0;33.287;209.127;0.039;0.041;Q8;16408;Hash Join;9;Outer;;0;12500;62500;5;0.04;2.46;4586.84;4;0.0;0;0.071;30.846;0.239;0.24;Q8;16417;Seq Scan;7;Outer;;4128;560;0;0;0.0028;0.0;5169.67;4;200000.0;0;Q8;16416;Hash;6;Inner;;0;560;560;0;1.0;5169.67;5169.67;4;0.0;0;2.365;42.075;0.0;0.0;Q8;16415;Index Scan;7;Inner;;112600;5;0;0;8.331646174982899e-07;0.43;0.83;24;6001215.0;0;Q8
Q8_91_seed_738362790;16426;Hash Join;5;Outer;;0;782;118013;552;1.2004327206889636e-05;9920.09;70271.57;20;0.0;0;83.834;1192.854;37.882;1148.942;39.506;39.506;Q8;16427;Nested Loop;6;Outer;;0;118013;29497;5;0.800169508763603;4743.52;64785.2;24;0.0;0;37.647;218.047;0.039;0.041;Q8;16431;Hash Join;9;Outer;;0;12500;62500;5;0.04;2.46;4586.84;4;0.0;0;0.195;35.212;0.246;0.247;Q8;16440;Seq Scan;7;Outer;;4128;552;0;0;0.00276;0.0;5169.67;4;200000.0;0;Q8;16439;Hash;6;Inner;;0;552;552;0;1.0;5169.67;5169.67;4;0.0;0;0.128;39.457;0.0;0.0;Q8;16438;Index Scan;7;Inner;;112600;5;0;0;8.331646174982899e-07;0.43;0.83;24;6001215.0;0;Q8
Q8_93_seed_754770852;16472;Hash Join;5;Outer;;0;779;118013;550;1.20017594363641e-05;9920.06;70271.54;20;0.0;0;71.95;1195.842;33.48;1157.548;33.942;33.942;Q8;16473;Nested Loop;6;Outer;;0;118013;29497;5;0.800169508763603;4743.52;64785.2;24;0.0;0;33.23;209.643;0.039;0.041;Q8;16477;Hash Join;9;Outer;;0;12500;62500;5;0.04;2.46;4586.84;4;0.0;0;0.024;29.782;0.224;0.225;Q8;16486;Seq Scan;7;Outer;;4128;550;0;0;0.00275;0.0;5169.67;4;200000.0;0;Q8;16485;Hash;6;Inner;;0;550;550;0;1.0;5169.67;5169.67;4;0.0;0;0.134;33.879;0.0;0.0;Q8;16484;Index Scan;7;Inner;;112600;5;0;0;8.331646174982899e-07;0.43;0.83;24;6001215.0;0;Q8
Q8_95_seed_771178914;16518;Hash Join;5;Outer;;0;788;118013;557;1.198784645351657e-05;9920.15;70271.63;20;0.0;0;76.331;1193.702;37.567;1152.769;36.356;36.356;Q8;16519;Nested Loop;6;Outer;;0;118013;29497;5;0.800169508763603;4743.52;64785.2;24;0.0;0;37.337;216.663;0.039;0.041;Q8;16523;Hash Join;9;Outer;;0;12500;62500;5;0.04;2.46;4586.84;4;0.0;0;0.122;34.979;0.217;0.218;Q8;16532;Seq Scan;7;Outer;;4128;557;0;0;0.002785;0.0;5169.67;4;200000.0;0;Q8;16531;Hash;6;Inner;;0;557;557;0;1.0;5169.67;5169.67;4;0.0;0;0.125;36.255;0.0;0.0;Q8;16530;Index Scan;7;Inner;;112600;5;0;0;8.331646174982899e-07;0.43;0.83;24;6001215.0;0;Q8
Q8_97_seed_787586976;16564;Hash Join;5;Outer;;0;763;118013;539;1.199515659786986e-05;9919.93;70271.4;20;0.0;0;89.649;1249.986;42.324;1203.656;41.91;41.91;Q8;16565;Nested Loop;6;Outer;;0;118013;29497;5;0.800169508763603;4743.52;64785.2;24;0.0;0;42.088;216.152;0.041;0.043;Q8;16569;Hash Join;9;Outer;;0;12500;62500;5;0.04;2.46;4586.84;4;0.0;0;0.082;39.276;0.37;0.37;Q8;16578;Seq Scan;7;Outer;;4128;539;0;0;0.002695;0.0;5169.67;4;200000.0;0;Q8;16577;Hash;6;Inner;;0;539;539;0;1.0;5169.67;5169.67;4;0.0;0;0.091;41.727;0.0;0.0;Q8;16576;Index Scan;7;Inner;;112600;5;0;0;8.331646174982899e-07;0.43;0.83;24;6001215.0;0;Q8
Q8_98_seed_795791007;16587;Hash Join;5;Outer;;0;776;118013;548;1.199917292298801e-05;9920.04;70271.52;20;0.0;0;84.802;1218.036;37.283;1172.349;41.256;41.256;Q8;16588;Nested Loop;6;Outer;;0;118013;29497;5;0.800169508763603;4743.52;64785.2;24;0.0;0;37.009;213.465;0.039;0.042;Q8;16592;Hash Join;9;Outer;;0;12500;62500;5;0.04;2.46;4586.84;4;0.0;0;0.649;34.393;0.155;0.156;Q8;16601;Seq Scan;7;Outer;;4128;548;0;0;0.00274;0.0;5169.67;4;200000.0;0;Q8;16600;Hash;6;Inner;;0;548;548;0;1.0;5169.67;5169.67;4;0.0;0;3.503;41.161;0.0;0.0;Q8;16599;Index Scan;7;Inner;;112600;5;0;0;8.331646174982899e-07;0.43;0.83;24;6001215.0;0;Q8
Q8_99_seed_803995038;16610;Hash Join;5;Outer;;0;786;118013;555;1.2000510250703028e-05;9920.13;70271.6;20;0.0;0;82.239;1219.774;35.313;1175.06;40.258;40.258;Q8;16611;Nested Loop;6;Outer;;0;118013;29497;5;0.800169508763603;4743.52;64785.2;24;0.0;0;35.075;217.895;0.04;0.042;Q8;16615;Hash Join;9;Outer;;0;12500;62500;5;0.04;2.46;4586.84;4;0.0;0;0.021;32.373;0.239;0.24;Q8;16624;Seq Scan;7;Outer;;4128;555;0;0;0.002775;0.0;5169.67;4;200000.0;0;Q8;16623;Hash;6;Inner;;0;555;555;0;1.0;5169.67;5169.67;4;0.0;0;0.11;40.198;0.0;0.0;Q8;16622;Index Scan;7;Inner;;112600;5;0;0;8.331646174982899e-07;0.43;0.83;24;6001215.0;0;Q8
Q8_9_seed_65632248;16633;Hash Join;5;Outer;;0;807;118013;570;1.199689418694729e-05;9920.31;70271.79;20;0.0;0;83.204;1226.169;38.962;1182.583;38.642;38.643;Q8;16634;Nested Loop;6;Outer;;0;118013;29497;5;0.800169508763603;4743.52;64785.2;24;0.0;0;38.776;217.5;0.04;0.042;Q8;16638;Hash Join;9;Outer;;0;12500;62500;5;0.04;2.46;4586.84;4;0.0;0;0.068;35.318;0.621;0.621;Q8;16647;Seq Scan;7;Outer;;4128;570;0;0;0.00285;0.0;5169.67;4;200000.0;0;Q8;16646;Hash;6;Inner;;0;570;570;0;1.0;5169.67;5169.67;4;0.0;0;0.071;38.468;0.0;0.0;Q8;16645;Index Scan;7;Inner;;112600;5;0;0;8.331646174982899e-07;0.43;0.83;24;6001215.0;0;Q8
